

./trained_network/SD2/5x10+mix+SD2_exp18_4.pth -->>> 15x10x5.0+mix
0.18168236315250397
0.09573419392108917
0.09987633675336838
0.1353801190853119
0.09146871417760849
0.09435480087995529
0.0851312205195427
0.14046049118041992
0.05243751034140587
0.0821472555398941
0.06221451982855797
0.0767650455236435
0.08305749297142029
0.07453105598688126
0.08398234099149704
0.11498600244522095
0.06733329594135284
0.08671854436397552
0.0740937888622284
0.07245706021785736
0.08102108538150787

./trained_network/SD2/20x10+mix+SD2_exp18_4.pth -->>> 15x10x5.0+mix
0.00382243562489748
0.004297797568142414
0.016617095097899437
0.011746935546398163
0.007537261117249727
0.004373027011752129
0.015742186456918716
0.007159970700740814
0.019474580883979797
0.0345660038292408
-0.009356020949780941
0.05122790113091469
0.009545492008328438
0.017550401389598846
0.0032917368225753307
0.019550548866391182
0.011172580532729626
0.004447068087756634
0.0014908760786056519
0.002285487949848175
-0.0047653960064053535

./trained_network/SD2/maml+exp18_204_512_3.pth -->>> 15x10x5.0+mix
2.583402633666992
0.4411672353744507
0.3047061860561371
0.25051945447921753
0.15151602029800415
0.12835384905338287
0.09819100052118301
0.08333732187747955
0.06397677212953568
0.042027734220027924
0.04127159342169762
0.03742878884077072
0.036778584122657776
0.050895918160676956
0.03307696059346199
0.03541533648967743
0.05142728611826897
0.03357289358973503
0.02568993717432022
0.03384590521454811
0.02751915529370308