
./trained_network/SD2/5x10+mix+SD2_exp18_4.pth
[385.0, 360.0, 334.0, 313.0, 375.0, 452.0, 438.0, 389.0, 353.0, 333.0, 369.0, 346.0, 338.0, 374.0, 369.0, 357.0, 259.0, 355.0, 378.0, 297.0]
[357.0, 399.0, 336.0, 319.0, 356.0, 342.0, 414.0, 339.0, 341.0, 281.0, 409.0, 400.0, 349.0, 346.0, 368.0, 348.0, 276.0, 357.0, 322.0, 330.0]
[379.0, 352.0, 312.0, 365.0, 335.0, 375.0, 370.0, 358.0, 335.0, 325.0, 367.0, 451.0, 366.0, 327.0, 344.0, 356.0, 310.0, 364.0, 381.0, 324.0]
[355.0, 396.0, 343.0, 345.0, 327.0, 452.0, 387.0, 280.0, 322.0, 330.0, 347.0, 439.0, 392.0, 383.0, 388.0, 354.0, 287.0, 355.0, 328.0, 349.0]
[342.0, 403.0, 319.0, 329.0, 358.0, 318.0, 433.0, 335.0, 357.0, 294.0, 357.0, 411.0, 360.0, 342.0, 337.0, 371.0, 231.0, 316.0, 354.0, 285.0]
[340.0, 465.0, 294.0, 429.0, 412.0, 374.0, 399.0, 414.0, 332.0, 384.0, 342.0, 367.0, 362.0, 329.0, 346.0, 361.0, 329.0, 366.0, 404.0, 318.0]
[317.0, 351.0, 304.0, 342.0, 352.0, 448.0, 389.0, 374.0, 365.0, 280.0, 353.0, 409.0, 316.0, 357.0, 346.0, 344.0, 283.0, 352.0, 347.0, 282.0]
[370.0, 419.0, 310.0, 358.0, 350.0, 362.0, 385.0, 337.0, 315.0, 346.0, 324.0, 456.0, 330.0, 381.0, 369.0, 401.0, 266.0, 264.0, 350.0, 335.0]
[294.0, 358.0, 315.0, 323.0, 338.0, 437.0, 343.0, 371.0, 369.0, 316.0, 370.0, 391.0, 405.0, 340.0, 364.0, 389.0, 302.0, 367.0, 357.0, 313.0]
[319.0, 332.0, 303.0, 288.0, 291.0, 359.0, 355.0, 335.0, 368.0, 276.0, 335.0, 433.0, 356.0, 333.0, 347.0, 387.0, 383.0, 365.0, 361.0, 280.0]
[318.0, 341.0, 326.0, 312.0, 393.0, 458.0, 383.0, 388.0, 371.0, 339.0, 374.0, 415.0, 369.0, 327.0, 374.0, 351.0, 311.0, 342.0, 381.0, 340.0]
[354.0, 360.0, 314.0, 345.0, 366.0, 365.0, 388.0, 331.0, 345.0, 320.0, 395.0, 320.0, 429.0, 327.0, 337.0, 357.0, 317.0, 371.0, 428.0, 315.0]
[333.0, 381.0, 306.0, 338.0, 350.0, 398.0, 417.0, 378.0, 363.0, 298.0, 358.0, 417.0, 356.0, 344.0, 316.0, 344.0, 286.0, 335.0, 374.0, 315.0]
[320.0, 422.0, 329.0, 320.0, 382.0, 473.0, 412.0, 333.0, 337.0, 346.0, 357.0, 354.0, 410.0, 350.0, 348.0, 361.0, 362.0, 302.0, 325.0, 314.0]
[353.0, 344.0, 305.0, 368.0, 341.0, 374.0, 373.0, 373.0, 332.0, 343.0, 374.0, 377.0, 348.0, 360.0, 325.0, 330.0, 313.0, 298.0, 355.0, 310.0]
[438.0, 417.0, 302.0, 311.0, 374.0, 419.0, 403.0, 387.0, 362.0, 394.0, 358.0, 453.0, 415.0, 317.0, 369.0, 327.0, 301.0, 410.0, 332.0, 266.0]
[363.0, 340.0, 301.0, 361.0, 372.0, 347.0, 405.0, 444.0, 326.0, 374.0, 386.0, 334.0, 369.0, 365.0, 346.0, 386.0, 300.0, 396.0, 308.0, 341.0]
[398.0, 360.0, 333.0, 338.0, 351.0, 444.0, 408.0, 328.0, 330.0, 294.0, 341.0, 409.0, 332.0, 321.0, 341.0, 428.0, 293.0, 351.0, 301.0, 306.0]
[332.0, 328.0, 304.0, 368.0, 317.0, 384.0, 326.0, 321.0, 334.0, 295.0, 345.0, 353.0, 361.0, 305.0, 325.0, 436.0, 281.0, 364.0, 421.0, 295.0]
[375.0, 334.0, 329.0, 361.0, 376.0, 430.0, 435.0, 385.0, 381.0, 340.0, 368.0, 474.0, 408.0, 331.0, 346.0, 362.0, 268.0, 347.0, 335.0, 339.0]
[370.0, 379.0, 297.0, 418.0, 366.0, 452.0, 380.0, 310.0, 346.0, 334.0, 329.0, 415.0, 341.0, 324.0, 342.0, 324.0, 300.0, 397.0, 407.0, 288.0]
./trained_network/SD2/20x10+mix+SD2_exp18_4.pth
[331.0, 299.0, 335.0, 326.0, 311.0, 373.0, 385.0, 303.0, 293.0, 298.0, 366.0, 385.0, 349.0, 349.0, 333.0, 365.0, 283.0, 306.0, 316.0, 298.0]
[361.0, 359.0, 285.0, 338.0, 340.0, 402.0, 318.0, 294.0, 325.0, 317.0, 388.0, 334.0, 318.0, 365.0, 320.0, 283.0, 306.0, 317.0, 348.0, 279.0]
[324.0, 340.0, 361.0, 290.0, 338.0, 373.0, 382.0, 341.0, 327.0, 297.0, 336.0, 351.0, 367.0, 358.0, 350.0, 299.0, 301.0, 320.0, 336.0, 389.0]
[302.0, 308.0, 321.0, 343.0, 293.0, 373.0, 344.0, 359.0, 361.0, 308.0, 379.0, 374.0, 310.0, 341.0, 334.0, 333.0, 325.0, 354.0, 313.0, 362.0]
[339.0, 323.0, 330.0, 369.0, 324.0, 334.0, 385.0, 370.0, 306.0, 289.0, 376.0, 341.0, 354.0, 323.0, 352.0, 348.0, 298.0, 324.0, 370.0, 288.0]
[375.0, 333.0, 282.0, 341.0, 307.0, 334.0, 387.0, 307.0, 364.0, 323.0, 352.0, 344.0, 378.0, 351.0, 352.0, 357.0, 329.0, 329.0, 300.0, 306.0]
[306.0, 353.0, 294.0, 344.0, 369.0, 390.0, 348.0, 358.0, 322.0, 324.0, 371.0, 385.0, 348.0, 346.0, 356.0, 337.0, 327.0, 286.0, 375.0, 310.0]
[342.0, 330.0, 275.0, 334.0, 335.0, 383.0, 329.0, 301.0, 351.0, 326.0, 373.0, 385.0, 344.0, 309.0, 333.0, 332.0, 288.0, 315.0, 285.0, 266.0]
[319.0, 348.0, 352.0, 331.0, 347.0, 368.0, 382.0, 374.0, 347.0, 343.0, 366.0, 362.0, 323.0, 326.0, 363.0, 322.0, 266.0, 316.0, 444.0, 304.0]
[356.0, 334.0, 290.0, 341.0, 353.0, 371.0, 412.0, 333.0, 305.0, 300.0, 345.0, 429.0, 329.0, 377.0, 325.0, 295.0, 343.0, 325.0, 380.0, 276.0]
[319.0, 328.0, 292.0, 303.0, 315.0, 335.0, 397.0, 343.0, 345.0, 294.0, 339.0, 359.0, 318.0, 362.0, 323.0, 311.0, 287.0, 344.0, 313.0, 326.0]
[316.0, 335.0, 352.0, 356.0, 337.0, 373.0, 332.0, 322.0, 320.0, 315.0, 358.0, 313.0, 315.0, 380.0, 343.0, 314.0, 364.0, 307.0, 407.0, 300.0]
[333.0, 341.0, 345.0, 342.0, 294.0, 374.0, 396.0, 315.0, 348.0, 284.0, 349.0, 362.0, 340.0, 368.0, 333.0, 359.0, 306.0, 304.0, 355.0, 304.0]
[346.0, 353.0, 317.0, 325.0, 401.0, 364.0, 319.0, 368.0, 315.0, 339.0, 332.0, 324.0, 301.0, 357.0, 364.0, 363.0, 290.0, 321.0, 338.0, 325.0]
[344.0, 342.0, 299.0, 346.0, 316.0, 396.0, 402.0, 332.0, 303.0, 308.0, 334.0, 385.0, 310.0, 310.0, 375.0, 318.0, 329.0, 308.0, 344.0, 318.0]
[315.0, 367.0, 305.0, 317.0, 336.0, 309.0, 340.0, 295.0, 350.0, 286.0, 376.0, 364.0, 358.0, 335.0, 339.0, 347.0, 270.0, 334.0, 302.0, 346.0]
[354.0, 338.0, 335.0, 398.0, 373.0, 373.0, 319.0, 337.0, 298.0, 303.0, 373.0, 399.0, 290.0, 308.0, 358.0, 363.0, 329.0, 364.0, 328.0, 322.0]
[352.0, 363.0, 319.0, 302.0, 361.0, 343.0, 367.0, 321.0, 313.0, 329.0, 366.0, 328.0, 303.0, 302.0, 326.0, 325.0, 318.0, 328.0, 331.0, 281.0]
[383.0, 356.0, 349.0, 333.0, 293.0, 292.0, 323.0, 363.0, 328.0, 319.0, 321.0, 319.0, 333.0, 301.0, 334.0, 319.0, 251.0, 354.0, 360.0, 256.0]
[350.0, 319.0, 282.0, 340.0, 373.0, 445.0, 332.0, 369.0, 340.0, 329.0, 328.0, 378.0, 334.0, 357.0, 303.0, 339.0, 312.0, 354.0, 339.0, 303.0]
[337.0, 335.0, 322.0, 332.0, 345.0, 334.0, 377.0, 320.0, 364.0, 336.0, 364.0, 351.0, 333.0, 351.0, 326.0, 347.0, 296.0, 311.0, 328.0, 363.0]
./trained_network/SD2/maml+exp18_204_512_3.pth
[308.0, 417.0, 289.0, 349.0, 323.0, 399.0, 370.0, 356.0, 378.0, 383.0]
[376.0, 380.0, 398.0, 402.0, 394.0, 400.0, 411.0, 467.0, 384.0, 382.0]
[409.0, 469.0, 397.0, 419.0, 386.0, 405.0, 365.0, 371.0, 383.0, 459.0]
[443.0, 387.0, 372.0, 408.0, 373.0, 386.0, 406.0, 405.0, 377.0, 414.0]
[409.0, 406.0, 369.0, 388.0, 352.0, 348.0, 395.0, 377.0, 350.0, 338.0]
[397.0, 387.0, 393.0, 413.0, 342.0, 431.0, 437.0, 467.0, 396.0, 406.0]
[381.0, 387.0, 372.0, 376.0, 387.0, 386.0, 403.0, 368.0, 382.0, 370.0]
[417.0, 399.0, 377.0, 376.0, 387.0, 407.0, 379.0, 391.0, 404.0, 370.0]
[416.0, 371.0, 414.0, 384.0, 375.0, 360.0, 430.0, 396.0, 395.0, 391.0]
[427.0, 371.0, 403.0, 374.0, 382.0, 409.0, 410.0, 403.0, 364.0, 409.0]
[380.0, 387.0, 361.0, 363.0, 419.0, 413.0, 389.0, 434.0, 368.0, 357.0]
[403.0, 377.0, 362.0, 413.0, 393.0, 409.0, 415.0, 398.0, 396.0, 387.0]
[388.0, 359.0, 365.0, 379.0, 443.0, 425.0, 425.0, 404.0, 409.0, 386.0]
[369.0, 403.0, 388.0, 389.0, 365.0, 386.0, 387.0, 407.0, 381.0, 393.0]
[396.0, 389.0, 367.0, 424.0, 413.0, 414.0, 434.0, 415.0, 393.0, 435.0]
[416.0, 387.0, 409.0, 369.0, 405.0, 464.0, 449.0, 439.0, 375.0, 381.0]
[388.0, 416.0, 389.0, 429.0, 402.0, 363.0, 433.0, 387.0, 381.0, 432.0]
[388.0, 427.0, 361.0, 366.0, 445.0, 379.0, 415.0, 374.0, 417.0, 386.0]
[410.0, 387.0, 358.0, 396.0, 392.0, 392.0, 422.0, 418.0, 383.0, 397.0]
[378.0, 394.0, 403.0, 416.0, 374.0, 387.0, 429.0, 361.0, 374.0, 401.0]
[404.0, 408.0, 384.0, 415.0, 390.0, 385.0, 430.0, 372.0, 385.0, 368.0]