

./trained_network/SD2/maml+exp18_205_512_3.pth -->>> 20x10x7+mix
6.03251314163208
1.1768288612365723
0.6702368855476379
0.46032392978668213
0.3376754820346832
0.25605952739715576
0.19626806676387787
0.20235849916934967
0.18496817350387573
0.18190976977348328
0.13673065602779388

./trained_network/SD2/20x10x5+mix+exp18_5.pth -->>> 20x10x7+mix
0.09341347217559814
-0.033195823431015015
-0.027269141748547554
-0.019504260271787643
-0.020092852413654327
-0.001293339766561985
0.015725603327155113
0.0007857615128159523
0.022215021774172783
0.014600340276956558
-0.056642431765794754

./trained_network/SD2/20x10x20+mix+exp18_5.pth -->>> 20x10x7+mix
0.29819467663764954
0.016633570194244385
-0.03384881466627121
0.018491562455892563
0.013299254700541496
-0.036874085664749146
-0.029414916411042213
-0.02872380055487156
-0.01818517968058586
-0.02252490445971489
-0.005296323448419571