

./trained_network/SD2/20x5+mix+SD2_exp18_3.pth -->>> 20x10x5.0+mix
0.22577425837516785
0.17118793725967407
0.13741786777973175
0.11187747865915298
0.09151624143123627
0.07388456165790558
0.0663435086607933
0.061116352677345276
0.04466720297932625
0.040127892047166824
0.056307196617126465

./trained_network/SD2/maml+exp18_203_512_3.pth -->>> 20x10x5.0+mix
3.173196792602539
0.5254144072532654
0.43892738223075867
0.2398606538772583
0.12091211974620819
0.09294101595878601
0.08954574167728424
0.053553078323602676
0.05242167413234711
0.04819846898317337
0.04990275204181671

./trained_network/SD2/20x5+mix+SD2_exp18_3.pth -->>> 20x10x5.0+mix
0.22577425837516785
0.17118793725967407
0.13741786777973175
0.11187747865915298
0.09151624143123627
0.07388456165790558
0.0663435086607933
0.061116352677345276
0.04466720297932625
0.040127892047166824
0.056307196617126465

./trained_network/SD2/5x10+mix+SD2_exp18_4.pth -->>> 20x10x5.0+mix
0.34511008858680725
0.2835129201412201
0.25260794162750244
0.2523169219493866
0.2690294682979584
0.22746123373508453
0.20040522515773773
0.2000267058610916
0.14433807134628296
0.11780723929405212
0.13820666074752808
0.11792820692062378
0.13789726793766022
0.1324191689491272
0.1071794182062149
0.12515807151794434
0.11296503245830536
0.09979316592216492
0.1024409756064415
0.0956372618675232
0.111380934715271

./trained_network/SD2/20x10+mix+SD2_exp18_4.pth -->>> 20x10x5.0+mix
0.03923961892724037
0.03159584105014801
0.02660471387207508
0.0247874166816473
0.03313154727220535
0.030410761013627052
0.024891499429941177
0.02518146112561226
0.031114764511585236
0.026609990745782852
0.020101383328437805
0.0296630896627903
0.03255796432495117
0.02857622504234314
0.031392794102430344
0.025124628096818924
0.03042985498905182
0.026710260659456253
0.03209418058395386
0.028555123135447502
0.031884729862213135

./trained_network/SD2/maml+exp18_204_512_3.pth -->>> 20x10x5.0+mix
3.02638840675354
0.41136258840560913
0.20976723730564117
0.19731715321540833
0.17063744366168976
0.12315590679645538
0.09713985025882721
0.10649300366640091
0.08880573511123657
0.07616934925317764
0.06707140058279037
0.054456885904073715
0.04489797726273537
0.04731307551264763
0.04071209952235222
0.039459653198719025
0.03217286616563797
0.03189549967646599
0.05005423352122307
0.04279182851314545
0.047487080097198486

./trained_network/SD2/20x20+mix+SD2_exp18_3.pth -->>> 20x10x5.0+mix
0.15820865333080292
0.13856551051139832
0.1291045993566513
0.11754833906888962
0.10880164057016373
0.12366048246622086
0.13156479597091675
0.10274805128574371
0.08761473000049591
0.08350265026092529
0.08329947292804718