
./trained_network/SD2/20x5+mix+SD2_exp18_3.pth
[357.0, 465.0, 421.0, 376.0, 363.0, 397.0, 433.0, 404.0, 384.0, 480.0, 429.0, 405.0, 397.0, 355.0, 347.0, 407.0, 481.0, 385.0, 432.0, 342.0]
[387.0, 406.0, 361.0, 337.0, 422.0, 386.0, 370.0, 447.0, 443.0, 500.0, 411.0, 415.0, 396.0, 363.0, 356.0, 442.0, 450.0, 381.0, 458.0, 360.0]
[374.0, 385.0, 349.0, 387.0, 388.0, 422.0, 386.0, 355.0, 420.0, 402.0, 466.0, 382.0, 443.0, 417.0, 334.0, 353.0, 500.0, 427.0, 494.0, 357.0]
[369.0, 399.0, 388.0, 434.0, 401.0, 380.0, 429.0, 445.0, 397.0, 482.0, 434.0, 351.0, 367.0, 388.0, 369.0, 407.0, 488.0, 404.0, 485.0, 381.0]
[352.0, 455.0, 350.0, 429.0, 417.0, 385.0, 407.0, 385.0, 395.0, 448.0, 441.0, 430.0, 371.0, 370.0, 348.0, 386.0, 434.0, 442.0, 418.0, 346.0]
[347.0, 384.0, 334.0, 419.0, 444.0, 415.0, 391.0, 376.0, 417.0, 475.0, 382.0, 368.0, 364.0, 346.0, 347.0, 356.0, 454.0, 418.0, 434.0, 401.0]
[369.0, 372.0, 370.0, 370.0, 406.0, 399.0, 418.0, 341.0, 397.0, 464.0, 442.0, 351.0, 414.0, 335.0, 355.0, 340.0, 425.0, 402.0, 437.0, 382.0]
[375.0, 385.0, 329.0, 384.0, 404.0, 354.0, 413.0, 371.0, 384.0, 461.0, 407.0, 320.0, 354.0, 341.0, 310.0, 391.0, 451.0, 393.0, 435.0, 346.0]
[354.0, 374.0, 335.0, 329.0, 384.0, 387.0, 408.0, 360.0, 432.0, 465.0, 395.0, 367.0, 374.0, 375.0, 333.0, 347.0, 410.0, 382.0, 403.0, 350.0]
[346.0, 373.0, 340.0, 367.0, 380.0, 390.0, 365.0, 346.0, 429.0, 501.0, 351.0, 344.0, 385.0, 343.0, 358.0, 392.0, 453.0, 391.0, 431.0, 348.0]
[338.0, 397.0, 388.0, 382.0, 384.0, 376.0, 462.0, 400.0, 434.0, 510.0, 390.0, 379.0, 372.0, 331.0, 352.0, 392.0, 458.0, 328.0, 478.0, 337.0]
./trained_network/SD2/maml+exp18_203_512_3.pth
[364.0, 385.0, 363.0, 348.0, 431.0, 387.0, 375.0, 424.0, 419.0, 415.0]
[350.0, 386.0, 401.0, 436.0, 363.0, 380.0, 382.0, 439.0, 437.0, 448.0]
[456.0, 426.0, 384.0, 375.0, 402.0, 374.0, 401.0, 391.0, 412.0, 487.0]
[396.0, 388.0, 389.0, 327.0, 412.0, 371.0, 437.0, 403.0, 436.0, 433.0]
[363.0, 382.0, 414.0, 403.0, 405.0, 405.0, 402.0, 412.0, 397.0, 474.0]
[357.0, 483.0, 438.0, 396.0, 385.0, 372.0, 396.0, 380.0, 421.0, 433.0]
[392.0, 441.0, 365.0, 366.0, 407.0, 390.0, 405.0, 413.0, 404.0, 436.0]
[377.0, 460.0, 342.0, 393.0, 418.0, 397.0, 411.0, 394.0, 419.0, 500.0]
[359.0, 439.0, 384.0, 371.0, 432.0, 370.0, 394.0, 382.0, 439.0, 433.0]
[373.0, 426.0, 378.0, 438.0, 445.0, 377.0, 429.0, 400.0, 370.0, 471.0]
[331.0, 433.0, 452.0, 360.0, 428.0, 366.0, 369.0, 424.0, 452.0, 461.0]
./trained_network/SD2/20x5+mix+SD2_exp18_3.pth
[357.0, 465.0, 421.0, 376.0, 363.0, 397.0, 433.0, 404.0, 384.0, 480.0, 429.0, 405.0, 397.0, 355.0, 347.0, 407.0, 481.0, 385.0, 432.0, 342.0]
[387.0, 406.0, 361.0, 337.0, 422.0, 386.0, 370.0, 447.0, 443.0, 500.0, 411.0, 415.0, 396.0, 363.0, 356.0, 442.0, 450.0, 381.0, 458.0, 360.0]
[374.0, 385.0, 349.0, 387.0, 388.0, 422.0, 386.0, 355.0, 420.0, 402.0, 466.0, 382.0, 443.0, 417.0, 334.0, 353.0, 500.0, 427.0, 494.0, 357.0]
[369.0, 399.0, 388.0, 434.0, 401.0, 380.0, 429.0, 445.0, 397.0, 482.0, 434.0, 351.0, 367.0, 388.0, 369.0, 407.0, 488.0, 404.0, 485.0, 381.0]
[352.0, 455.0, 350.0, 429.0, 417.0, 385.0, 407.0, 385.0, 395.0, 448.0, 441.0, 430.0, 371.0, 370.0, 348.0, 386.0, 434.0, 442.0, 418.0, 346.0]
[347.0, 384.0, 334.0, 419.0, 444.0, 415.0, 391.0, 376.0, 417.0, 475.0, 382.0, 368.0, 364.0, 346.0, 347.0, 356.0, 454.0, 418.0, 434.0, 401.0]
[369.0, 372.0, 370.0, 370.0, 406.0, 399.0, 418.0, 341.0, 397.0, 464.0, 442.0, 351.0, 414.0, 335.0, 355.0, 340.0, 425.0, 402.0, 437.0, 382.0]
[375.0, 385.0, 329.0, 384.0, 404.0, 354.0, 413.0, 371.0, 384.0, 461.0, 407.0, 320.0, 354.0, 341.0, 310.0, 391.0, 451.0, 393.0, 435.0, 346.0]
[354.0, 374.0, 335.0, 329.0, 384.0, 387.0, 408.0, 360.0, 432.0, 465.0, 395.0, 367.0, 374.0, 375.0, 333.0, 347.0, 410.0, 382.0, 403.0, 350.0]
[346.0, 373.0, 340.0, 367.0, 380.0, 390.0, 365.0, 346.0, 429.0, 501.0, 351.0, 344.0, 385.0, 343.0, 358.0, 392.0, 453.0, 391.0, 431.0, 348.0]
[338.0, 397.0, 388.0, 382.0, 384.0, 376.0, 462.0, 400.0, 434.0, 510.0, 390.0, 379.0, 372.0, 331.0, 352.0, 392.0, 458.0, 328.0, 478.0, 337.0]
./trained_network/SD2/5x10+mix+SD2_exp18_4.pth
[379.0, 358.0, 343.0, 369.0, 470.0, 370.0, 410.0, 407.0, 467.0, 447.0, 431.0, 377.0, 450.0, 325.0, 385.0, 405.0, 489.0, 420.0, 542.0, 348.0]
[412.0, 374.0, 353.0, 393.0, 441.0, 355.0, 435.0, 493.0, 418.0, 416.0, 450.0, 377.0, 407.0, 366.0, 348.0, 355.0, 560.0, 403.0, 484.0, 398.0]
[371.0, 422.0, 381.0, 347.0, 436.0, 369.0, 395.0, 544.0, 409.0, 484.0, 422.0, 334.0, 385.0, 368.0, 321.0, 393.0, 596.0, 432.0, 460.0, 422.0]
[411.0, 397.0, 373.0, 456.0, 506.0, 374.0, 467.0, 477.0, 449.0, 424.0, 432.0, 378.0, 384.0, 367.0, 377.0, 367.0, 558.0, 392.0, 507.0, 389.0]
[420.0, 354.0, 397.0, 418.0, 410.0, 417.0, 458.0, 494.0, 401.0, 468.0, 416.0, 348.0, 394.0, 327.0, 407.0, 326.0, 479.0, 400.0, 438.0, 311.0]
[445.0, 372.0, 384.0, 425.0, 390.0, 430.0, 358.0, 523.0, 409.0, 520.0, 413.0, 362.0, 387.0, 310.0, 376.0, 377.0, 505.0, 432.0, 505.0, 368.0]
[416.0, 390.0, 348.0, 354.0, 442.0, 334.0, 443.0, 509.0, 399.0, 509.0, 434.0, 355.0, 413.0, 314.0, 354.0, 417.0, 506.0, 352.0, 483.0, 403.0]
[384.0, 347.0, 359.0, 382.0, 396.0, 360.0, 401.0, 421.0, 438.0, 516.0, 427.0, 337.0, 419.0, 325.0, 306.0, 356.0, 508.0, 397.0, 491.0, 355.0]
[334.0, 353.0, 348.0, 388.0, 381.0, 362.0, 412.0, 400.0, 412.0, 534.0, 455.0, 375.0, 392.0, 361.0, 350.0, 365.0, 502.0, 382.0, 474.0, 369.0]
[387.0, 373.0, 350.0, 419.0, 404.0, 353.0, 414.0, 390.0, 430.0, 487.0, 383.0, 403.0, 390.0, 340.0, 390.0, 402.0, 464.0, 422.0, 472.0, 342.0]
[403.0, 366.0, 325.0, 433.0, 415.0, 399.0, 409.0, 381.0, 434.0, 469.0, 362.0, 339.0, 389.0, 325.0, 412.0, 431.0, 501.0, 383.0, 524.0, 347.0]
[400.0, 330.0, 340.0, 369.0, 395.0, 356.0, 420.0, 444.0, 467.0, 440.0, 423.0, 355.0, 404.0, 361.0, 347.0, 361.0, 453.0, 416.0, 458.0, 337.0]
[391.0, 353.0, 367.0, 361.0, 371.0, 339.0, 429.0, 377.0, 422.0, 433.0, 443.0, 374.0, 404.0, 360.0, 341.0, 345.0, 544.0, 392.0, 515.0, 358.0]
[369.0, 370.0, 354.0, 439.0, 412.0, 385.0, 407.0, 528.0, 385.0, 426.0, 418.0, 352.0, 365.0, 352.0, 347.0, 324.0, 517.0, 429.0, 510.0, 392.0]
[348.0, 372.0, 334.0, 399.0, 398.0, 362.0, 421.0, 394.0, 431.0, 511.0, 428.0, 311.0, 357.0, 332.0, 403.0, 366.0, 510.0, 386.0, 497.0, 350.0]
[365.0, 385.0, 397.0, 334.0, 360.0, 424.0, 380.0, 548.0, 425.0, 486.0, 451.0, 388.0, 358.0, 335.0, 399.0, 356.0, 520.0, 415.0, 468.0, 362.0]
[408.0, 357.0, 348.0, 443.0, 399.0, 401.0, 366.0, 456.0, 392.0, 443.0, 451.0, 352.0, 384.0, 327.0, 313.0, 350.0, 479.0, 390.0, 494.0, 354.0]
[367.0, 336.0, 326.0, 403.0, 408.0, 416.0, 447.0, 471.0, 403.0, 437.0, 406.0, 329.0, 357.0, 330.0, 290.0, 377.0, 518.0, 366.0, 474.0, 313.0]
[407.0, 343.0, 365.0, 438.0, 391.0, 369.0, 421.0, 439.0, 411.0, 473.0, 428.0, 361.0, 383.0, 427.0, 292.0, 350.0, 464.0, 413.0, 476.0, 334.0]
[335.0, 353.0, 363.0, 404.0, 389.0, 394.0, 411.0, 395.0, 368.0, 488.0, 447.0, 335.0, 382.0, 349.0, 323.0, 353.0, 499.0, 400.0, 505.0, 333.0]
[412.0, 377.0, 351.0, 376.0, 413.0, 350.0, 379.0, 511.0, 341.0, 503.0, 373.0, 318.0, 407.0, 328.0, 394.0, 347.0, 436.0, 372.0, 437.0, 362.0]
./trained_network/SD2/20x10+mix+SD2_exp18_4.pth
[304.0, 351.0, 366.0, 357.0, 354.0, 427.0, 366.0, 363.0, 320.0, 443.0, 438.0, 353.0, 320.0, 296.0, 286.0, 356.0, 401.0, 369.0, 417.0, 352.0]
[344.0, 364.0, 348.0, 338.0, 363.0, 313.0, 382.0, 407.0, 348.0, 408.0, 380.0, 359.0, 373.0, 308.0, 347.0, 318.0, 393.0, 386.0, 477.0, 322.0]
[347.0, 337.0, 324.0, 379.0, 369.0, 391.0, 352.0, 397.0, 345.0, 450.0, 354.0, 361.0, 349.0, 291.0, 298.0, 324.0, 394.0, 363.0, 418.0, 327.0]
[318.0, 336.0, 333.0, 329.0, 392.0, 330.0, 392.0, 380.0, 413.0, 430.0, 395.0, 338.0, 334.0, 313.0, 315.0, 332.0, 429.0, 383.0, 397.0, 356.0]
[331.0, 321.0, 376.0, 348.0, 357.0, 364.0, 361.0, 359.0, 371.0, 413.0, 422.0, 329.0, 340.0, 288.0, 321.0, 319.0, 390.0, 344.0, 409.0, 283.0]
[333.0, 342.0, 324.0, 395.0, 331.0, 337.0, 376.0, 362.0, 418.0, 398.0, 420.0, 379.0, 354.0, 281.0, 283.0, 332.0, 397.0, 376.0, 447.0, 324.0]
[342.0, 348.0, 344.0, 311.0, 350.0, 373.0, 355.0, 392.0, 350.0, 413.0, 425.0, 363.0, 356.0, 295.0, 301.0, 334.0, 383.0, 362.0, 429.0, 342.0]
[332.0, 371.0, 400.0, 345.0, 379.0, 365.0, 373.0, 364.0, 356.0, 443.0, 404.0, 323.0, 362.0, 340.0, 328.0, 341.0, 412.0, 366.0, 398.0, 313.0]
[330.0, 366.0, 291.0, 395.0, 367.0, 392.0, 355.0, 383.0, 372.0, 433.0, 453.0, 353.0, 358.0, 337.0, 305.0, 333.0, 387.0, 348.0, 452.0, 355.0]
[350.0, 343.0, 344.0, 333.0, 369.0, 361.0, 387.0, 374.0, 375.0, 401.0, 360.0, 351.0, 348.0, 286.0, 297.0, 360.0, 416.0, 377.0, 424.0, 324.0]
[332.0, 360.0, 357.0, 339.0, 364.0, 364.0, 394.0, 365.0, 361.0, 413.0, 374.0, 340.0, 359.0, 308.0, 334.0, 362.0, 463.0, 372.0, 430.0, 340.0]
[317.0, 347.0, 343.0, 423.0, 353.0, 333.0, 358.0, 379.0, 369.0, 399.0, 431.0, 342.0, 378.0, 324.0, 286.0, 363.0, 387.0, 331.0, 454.0, 328.0]
[339.0, 352.0, 356.0, 346.0, 332.0, 376.0, 339.0, 402.0, 394.0, 420.0, 373.0, 324.0, 383.0, 301.0, 326.0, 382.0, 456.0, 387.0, 441.0, 384.0]
[329.0, 337.0, 318.0, 349.0, 330.0, 388.0, 406.0, 359.0, 381.0, 457.0, 368.0, 293.0, 382.0, 348.0, 305.0, 364.0, 392.0, 371.0, 421.0, 301.0]
[313.0, 323.0, 332.0, 331.0, 402.0, 353.0, 364.0, 369.0, 391.0, 436.0, 422.0, 362.0, 331.0, 285.0, 290.0, 340.0, 416.0, 328.0, 404.0, 293.0]
[325.0, 352.0, 332.0, 341.0, 379.0, 375.0, 361.0, 366.0, 377.0, 429.0, 395.0, 304.0, 351.0, 333.0, 313.0, 347.0, 378.0, 370.0, 417.0, 369.0]
[299.0, 359.0, 352.0, 407.0, 370.0, 390.0, 376.0, 359.0, 420.0, 439.0, 337.0, 322.0, 331.0, 306.0, 273.0, 339.0, 427.0, 388.0, 409.0, 303.0]
[363.0, 368.0, 354.0, 362.0, 324.0, 337.0, 349.0, 364.0, 332.0, 431.0, 397.0, 318.0, 344.0, 346.0, 284.0, 330.0, 451.0, 373.0, 424.0, 333.0]
[322.0, 333.0, 326.0, 399.0, 335.0, 369.0, 388.0, 353.0, 365.0, 426.0, 433.0, 357.0, 376.0, 326.0, 331.0, 334.0, 412.0, 430.0, 392.0, 325.0]
[342.0, 322.0, 321.0, 326.0, 375.0, 386.0, 369.0, 385.0, 364.0, 443.0, 413.0, 368.0, 338.0, 276.0, 338.0, 334.0, 405.0, 367.0, 413.0, 347.0]
[316.0, 430.0, 345.0, 316.0, 350.0, 391.0, 397.0, 337.0, 342.0, 483.0, 338.0, 343.0, 331.0, 319.0, 303.0, 340.0, 382.0, 388.0, 423.0, 343.0]
./trained_network/SD2/maml+exp18_204_512_3.pth
[458.0, 376.0, 387.0, 374.0, 381.0, 486.0, 436.0, 468.0, 478.0, 538.0]
[371.0, 367.0, 417.0, 379.0, 436.0, 424.0, 490.0, 385.0, 415.0, 519.0]
[383.0, 382.0, 381.0, 380.0, 402.0, 431.0, 434.0, 449.0, 417.0, 479.0]
[363.0, 391.0, 348.0, 377.0, 400.0, 447.0, 471.0, 414.0, 469.0, 458.0]
[383.0, 395.0, 393.0, 366.0, 399.0, 413.0, 441.0, 423.0, 397.0, 482.0]
[378.0, 380.0, 420.0, 378.0, 419.0, 433.0, 438.0, 456.0, 439.0, 455.0]
[361.0, 417.0, 384.0, 346.0, 463.0, 377.0, 385.0, 412.0, 436.0, 439.0]
[387.0, 379.0, 505.0, 400.0, 381.0, 452.0, 419.0, 466.0, 413.0, 500.0]
[371.0, 381.0, 365.0, 363.0, 374.0, 398.0, 373.0, 436.0, 393.0, 475.0]
[370.0, 405.0, 441.0, 402.0, 358.0, 389.0, 361.0, 449.0, 417.0, 467.0]
[391.0, 412.0, 343.0, 363.0, 434.0, 384.0, 420.0, 416.0, 430.0, 510.0]
[392.0, 374.0, 328.0, 424.0, 405.0, 428.0, 404.0, 414.0, 381.0, 507.0]
[405.0, 447.0, 372.0, 400.0, 389.0, 433.0, 390.0, 449.0, 459.0, 500.0]
[361.0, 389.0, 362.0, 369.0, 406.0, 378.0, 430.0, 412.0, 411.0, 451.0]
[393.0, 394.0, 406.0, 386.0, 424.0, 439.0, 429.0, 460.0, 405.0, 497.0]
[396.0, 382.0, 341.0, 343.0, 408.0, 395.0, 399.0, 426.0, 430.0, 472.0]
[383.0, 405.0, 342.0, 391.0, 409.0, 381.0, 410.0, 395.0, 400.0, 467.0]
[421.0, 421.0, 369.0, 392.0, 395.0, 437.0, 426.0, 398.0, 487.0, 453.0]
[366.0, 414.0, 341.0, 369.0, 421.0, 465.0, 477.0, 387.0, 439.0, 542.0]
[434.0, 408.0, 365.0, 352.0, 474.0, 408.0, 466.0, 429.0, 381.0, 492.0]
[402.0, 436.0, 347.0, 416.0, 410.0, 401.0, 366.0, 507.0, 359.0, 500.0]
./trained_network/SD2/20x20+mix+SD2_exp18_3.pth
[437.0, 381.0, 366.0, 373.0, 419.0, 403.0, 522.0, 442.0, 442.0, 472.0, 407.0, 374.0, 471.0, 369.0, 395.0, 365.0, 533.0, 371.0, 521.0, 395.0]
[431.0, 401.0, 347.0, 387.0, 429.0, 462.0, 428.0, 473.0, 403.0, 450.0, 455.0, 363.0, 403.0, 311.0, 378.0, 518.0, 498.0, 389.0, 528.0, 331.0]
[435.0, 409.0, 412.0, 483.0, 461.0, 383.0, 421.0, 463.0, 420.0, 468.0, 391.0, 356.0, 452.0, 299.0, 388.0, 405.0, 520.0, 480.0, 501.0, 358.0]
[384.0, 456.0, 339.0, 403.0, 434.0, 385.0, 432.0, 483.0, 435.0, 446.0, 404.0, 357.0, 455.0, 359.0, 390.0, 440.0, 502.0, 462.0, 464.0, 405.0]
[380.0, 431.0, 375.0, 461.0, 436.0, 400.0, 394.0, 488.0, 454.0, 486.0, 411.0, 389.0, 395.0, 354.0, 422.0, 341.0, 500.0, 436.0, 477.0, 367.0]
[444.0, 398.0, 369.0, 576.0, 377.0, 390.0, 447.0, 416.0, 410.0, 469.0, 485.0, 352.0, 443.0, 352.0, 321.0, 405.0, 543.0, 424.0, 494.0, 384.0]
[379.0, 408.0, 322.0, 362.0, 391.0, 376.0, 397.0, 512.0, 433.0, 511.0, 428.0, 395.0, 401.0, 325.0, 392.0, 342.0, 632.0, 503.0, 555.0, 388.0]
[391.0, 432.0, 376.0, 392.0, 430.0, 338.0, 424.0, 494.0, 458.0, 482.0, 400.0, 364.0, 454.0, 339.0, 376.0, 391.0, 575.0, 411.0, 518.0, 371.0]
[432.0, 440.0, 394.0, 390.0, 443.0, 378.0, 436.0, 507.0, 455.0, 477.0, 490.0, 373.0, 407.0, 403.0, 376.0, 343.0, 533.0, 438.0, 518.0, 418.0]
[399.0, 417.0, 365.0, 391.0, 410.0, 429.0, 458.0, 479.0, 361.0, 541.0, 504.0, 329.0, 440.0, 423.0, 352.0, 353.0, 539.0, 390.0, 490.0, 422.0]
[374.0, 418.0, 348.0, 420.0, 439.0, 457.0, 389.0, 481.0, 427.0, 553.0, 408.0, 348.0, 393.0, 429.0, 336.0, 357.0, 509.0, 406.0, 509.0, 369.0]