

./trained_network/SD2/5x10+mix+SD2_exp18_4.pth -->>> 7x10x5.0+mix
0.018932580947875977
0.017984064295887947
0.02254621498286724
0.01237365510314703
0.02244643121957779
0.013056861236691475
0.02133994549512863
0.023457307368516922
0.020844925194978714
0.019499430432915688
0.014710364863276482
0.017996929585933685
0.01025119423866272
0.01667836308479309
0.01420193538069725
0.018158085644245148
0.026151228696107864
0.0229681096971035
0.011723684147000313
0.019183529540896416
0.014670580625534058

./trained_network/SD2/20x10+mix+SD2_exp18_4.pth -->>> 7x10x5.0+mix
0.08290030807256699
0.044409576803445816
0.03691694140434265
0.04198485612869263
0.03570343554019928
0.026203395798802376
0.02912292443215847
0.019263416528701782
0.02134614624083042
0.020413490012288094
0.022180696949362755
0.022190328687429428
0.01460128091275692
0.01385949831455946
0.01765020750463009
0.033406347036361694
0.02573796734213829
0.014741791412234306
0.014656373299658298
0.015883855521678925
0.012574877589941025

./trained_network/SD2/maml+exp18_204_512_3.pth -->>> 7x10x5.0+mix
0.9315298795700073
0.2843274474143982
0.09122262895107269
0.06508614122867584
0.046691566705703735
0.030138293281197548
0.01942840777337551
0.01579531654715538
0.01826532557606697
0.014148842543363571
0.013634217903017998
0.013430829159915447
0.020655514672398567
0.014758963137865067
0.010679059661924839
0.015847165137529373
0.012574288994073868
0.00737730972468853
0.010488083586096764
0.012048503383994102
0.007895570248365402