
./trained_network/SD2/5x10+mix+SD2_exp18_4.pth
[255.0, 195.0, 189.0, 245.0, 191.0, 226.0, 233.0, 215.0, 248.0, 260.0, 272.0, 164.0, 280.0, 180.0, 205.0, 257.0, 259.0, 244.0, 204.0, 210.0]
[255.0, 192.0, 188.0, 190.0, 208.0, 211.0, 233.0, 212.0, 221.0, 273.0, 232.0, 214.0, 243.0, 175.0, 230.0, 207.0, 257.0, 244.0, 246.0, 193.0]
[255.0, 212.0, 167.0, 240.0, 245.0, 225.0, 233.0, 215.0, 221.0, 317.0, 216.0, 195.0, 253.0, 178.0, 204.0, 271.0, 267.0, 245.0, 241.0, 210.0]
[262.0, 212.0, 208.0, 243.0, 206.0, 212.0, 233.0, 232.0, 222.0, 260.0, 226.0, 207.0, 226.0, 174.0, 212.0, 220.0, 291.0, 250.0, 216.0, 198.0]
[222.0, 218.0, 189.0, 225.0, 204.0, 212.0, 233.0, 232.0, 208.0, 260.0, 232.0, 188.0, 252.0, 174.0, 195.0, 280.0, 259.0, 258.0, 241.0, 210.0]
[224.0, 196.0, 181.0, 245.0, 155.0, 217.0, 200.0, 215.0, 221.0, 260.0, 232.0, 188.0, 245.0, 175.0, 221.0, 220.0, 257.0, 244.0, 241.0, 210.0]
[311.0, 192.0, 195.0, 190.0, 223.0, 204.0, 203.0, 215.0, 221.0, 296.0, 232.0, 185.0, 253.0, 175.0, 195.0, 285.0, 259.0, 244.0, 241.0, 210.0]
[255.0, 189.0, 190.0, 236.0, 206.0, 238.0, 200.0, 209.0, 221.0, 260.0, 232.0, 214.0, 252.0, 176.0, 195.0, 285.0, 257.0, 266.0, 241.0, 210.0]
[224.0, 192.0, 237.0, 191.0, 234.0, 191.0, 261.0, 202.0, 218.0, 290.0, 232.0, 206.0, 252.0, 174.0, 190.0, 212.0, 257.0, 244.0, 241.0, 218.0]
[255.0, 212.0, 181.0, 190.0, 185.0, 212.0, 231.0, 245.0, 221.0, 261.0, 232.0, 214.0, 252.0, 177.0, 224.0, 257.0, 259.0, 244.0, 234.0, 194.0]
[224.0, 234.0, 189.0, 190.0, 223.0, 211.0, 200.0, 224.0, 215.0, 255.0, 232.0, 186.0, 226.0, 174.0, 190.0, 236.0, 257.0, 244.0, 202.0, 210.0]
[255.0, 212.0, 188.0, 222.0, 233.0, 224.0, 233.0, 210.0, 206.0, 260.0, 232.0, 192.0, 253.0, 177.0, 215.0, 236.0, 257.0, 268.0, 266.0, 213.0]
[255.0, 188.0, 180.0, 216.0, 195.0, 205.0, 203.0, 206.0, 221.0, 260.0, 222.0, 186.0, 252.0, 178.0, 200.0, 226.0, 257.0, 244.0, 240.0, 210.0]
[224.0, 211.0, 231.0, 240.0, 190.0, 212.0, 225.0, 248.0, 223.0, 260.0, 232.0, 185.0, 252.0, 175.0, 195.0, 211.0, 259.0, 244.0, 246.0, 194.0]
[262.0, 192.0, 182.0, 206.0, 223.0, 226.0, 200.0, 222.0, 223.0, 290.0, 223.0, 214.0, 226.0, 174.0, 212.0, 246.0, 257.0, 268.0, 200.0, 210.0]
[255.0, 209.0, 193.0, 217.0, 195.0, 226.0, 200.0, 207.0, 223.0, 255.0, 232.0, 236.0, 253.0, 175.0, 190.0, 247.0, 257.0, 244.0, 239.0, 218.0]
[255.0, 234.0, 188.0, 197.0, 219.0, 238.0, 281.0, 217.0, 223.0, 255.0, 232.0, 167.0, 280.0, 178.0, 190.0, 247.0, 259.0, 244.0, 241.0, 193.0]
[255.0, 192.0, 183.0, 190.0, 258.0, 212.0, 261.0, 215.0, 222.0, 296.0, 232.0, 157.0, 252.0, 165.0, 190.0, 257.0, 257.0, 244.0, 246.0, 207.0]
[239.0, 192.0, 188.0, 217.0, 219.0, 201.0, 233.0, 211.0, 248.0, 255.0, 232.0, 201.0, 230.0, 175.0, 212.0, 234.0, 257.0, 244.0, 204.0, 196.0]
[255.0, 192.0, 180.0, 190.0, 231.0, 248.0, 200.0, 209.0, 248.0, 260.0, 215.0, 188.0, 252.0, 174.0, 178.0, 211.0, 257.0, 244.0, 246.0, 285.0]
[255.0, 188.0, 181.0, 195.0, 207.0, 205.0, 202.0, 206.0, 214.0, 260.0, 232.0, 164.0, 280.0, 175.0, 195.0, 211.0, 257.0, 244.0, 241.0, 210.0]
./trained_network/SD2/20x10+mix+SD2_exp18_4.pth
[255.0, 234.0, 196.0, 222.0, 208.0, 255.0, 233.0, 197.0, 248.0, 258.0, 234.0, 157.0, 280.0, 177.0, 195.0, 222.0, 257.0, 217.0, 230.0, 207.0]
[255.0, 188.0, 191.0, 193.0, 184.0, 265.0, 233.0, 206.0, 248.0, 273.0, 232.0, 186.0, 243.0, 175.0, 217.0, 212.0, 257.0, 271.0, 241.0, 204.0]
[255.0, 187.0, 194.0, 190.0, 158.0, 218.0, 223.0, 206.0, 221.0, 296.0, 272.0, 193.0, 266.0, 177.0, 194.0, 253.0, 251.0, 244.0, 241.0, 196.0]
[262.0, 216.0, 237.0, 190.0, 198.0, 305.0, 223.0, 201.0, 266.0, 260.0, 234.0, 215.0, 280.0, 174.0, 204.0, 202.0, 251.0, 244.0, 239.0, 203.0]
[223.0, 202.0, 231.0, 203.0, 206.0, 212.0, 233.0, 247.0, 290.0, 260.0, 234.0, 178.0, 267.0, 177.0, 195.0, 266.0, 251.0, 244.0, 230.0, 210.0]
[255.0, 192.0, 194.0, 217.0, 218.0, 274.0, 200.0, 247.0, 221.0, 260.0, 238.0, 171.0, 253.0, 177.0, 204.0, 202.0, 251.0, 244.0, 230.0, 197.0]
[255.0, 187.0, 193.0, 245.0, 195.0, 265.0, 200.0, 209.0, 248.0, 296.0, 234.0, 248.0, 267.0, 188.0, 217.0, 259.0, 253.0, 244.0, 239.0, 210.0]
[223.0, 188.0, 183.0, 222.0, 198.0, 255.0, 200.0, 209.0, 248.0, 260.0, 234.0, 169.0, 252.0, 175.0, 195.0, 212.0, 251.0, 244.0, 241.0, 207.0]
[242.0, 213.0, 237.0, 243.0, 218.0, 267.0, 234.0, 212.0, 216.0, 242.0, 222.0, 215.0, 279.0, 206.0, 197.0, 202.0, 257.0, 244.0, 230.0, 210.0]
[255.0, 212.0, 194.0, 190.0, 204.0, 234.0, 200.0, 219.0, 214.0, 255.0, 222.0, 157.0, 266.0, 177.0, 190.0, 202.0, 259.0, 271.0, 239.0, 203.0]
[249.0, 188.0, 231.0, 190.0, 223.0, 225.0, 200.0, 190.0, 215.0, 256.0, 222.0, 172.0, 267.0, 174.0, 190.0, 279.0, 260.0, 244.0, 239.0, 210.0]
[262.0, 192.0, 206.0, 209.0, 183.0, 206.0, 287.0, 203.0, 206.0, 260.0, 222.0, 153.0, 280.0, 189.0, 215.0, 253.0, 231.0, 213.0, 214.0, 213.0]
[215.0, 192.0, 210.0, 190.0, 171.0, 232.0, 203.0, 212.0, 214.0, 260.0, 234.0, 215.0, 279.0, 180.0, 200.0, 202.0, 257.0, 244.0, 204.0, 210.0]
[262.0, 211.0, 194.0, 245.0, 204.0, 220.0, 202.0, 207.0, 218.0, 242.0, 234.0, 194.0, 252.0, 189.0, 195.0, 246.0, 257.0, 244.0, 246.0, 202.0]
[255.0, 192.0, 182.0, 228.0, 158.0, 267.0, 200.0, 212.0, 250.0, 290.0, 234.0, 193.0, 253.0, 189.0, 213.0, 270.0, 257.0, 244.0, 230.0, 207.0]
[253.0, 214.0, 179.0, 202.0, 227.0, 266.0, 311.0, 236.0, 218.0, 255.0, 234.0, 153.0, 245.0, 281.0, 228.0, 221.0, 251.0, 244.0, 239.0, 207.0]
[215.0, 188.0, 199.0, 196.0, 198.0, 217.0, 287.0, 214.0, 250.0, 255.0, 232.0, 182.0, 280.0, 266.0, 190.0, 219.0, 257.0, 217.0, 241.0, 210.0]
[255.0, 188.0, 210.0, 217.0, 198.0, 217.0, 261.0, 224.0, 266.0, 255.0, 234.0, 158.0, 252.0, 205.0, 212.0, 225.0, 257.0, 244.0, 239.0, 193.0]
[255.0, 203.0, 192.0, 191.0, 171.0, 201.0, 233.0, 222.0, 248.0, 256.0, 234.0, 215.0, 212.0, 189.0, 221.0, 202.0, 251.0, 252.0, 239.0, 193.0]
[249.0, 189.0, 210.0, 209.0, 210.0, 264.0, 200.0, 207.0, 248.0, 248.0, 222.0, 215.0, 252.0, 174.0, 211.0, 202.0, 251.0, 244.0, 230.0, 204.0]
[255.0, 216.0, 178.0, 245.0, 198.0, 204.0, 287.0, 207.0, 225.0, 260.0, 222.0, 215.0, 267.0, 204.0, 195.0, 204.0, 251.0, 244.0, 214.0, 210.0]
./trained_network/SD2/maml+exp18_204_512_3.pth
[242.0, 188.0, 225.0, 228.0, 218.0, 212.0, 281.0, 243.0, 250.0, 305.0]
[213.0, 189.0, 177.0, 245.0, 191.0, 218.0, 200.0, 223.0, 248.0, 265.0]
[239.0, 219.0, 183.0, 240.0, 218.0, 225.0, 223.0, 229.0, 221.0, 260.0]
[239.0, 214.0, 189.0, 219.0, 229.0, 212.0, 223.0, 217.0, 221.0, 260.0]
[239.0, 212.0, 188.0, 242.0, 155.0, 204.0, 200.0, 247.0, 208.0, 260.0]
[239.0, 217.0, 188.0, 190.0, 181.0, 225.0, 200.0, 208.0, 221.0, 260.0]
[239.0, 187.0, 193.0, 240.0, 219.0, 204.0, 200.0, 213.0, 221.0, 290.0]
[239.0, 189.0, 190.0, 225.0, 233.0, 225.0, 200.0, 215.0, 221.0, 260.0]
[255.0, 212.0, 188.0, 225.0, 228.0, 205.0, 200.0, 215.0, 218.0, 290.0]
[255.0, 192.0, 188.0, 190.0, 204.0, 204.0, 200.0, 217.0, 221.0, 255.0]
[255.0, 216.0, 181.0, 242.0, 204.0, 204.0, 200.0, 217.0, 221.0, 255.0]
[255.0, 194.0, 199.0, 242.0, 204.0, 205.0, 200.0, 238.0, 221.0, 283.0]
[255.0, 194.0, 241.0, 190.0, 155.0, 204.0, 200.0, 215.0, 248.0, 305.0]
[255.0, 203.0, 199.0, 185.0, 208.0, 204.0, 200.0, 248.0, 221.0, 302.0]
[255.0, 196.0, 223.0, 240.0, 208.0, 204.0, 200.0, 213.0, 223.0, 268.0]
[224.0, 196.0, 195.0, 190.0, 208.0, 204.0, 281.0, 217.0, 221.0, 268.0]
[223.0, 203.0, 199.0, 190.0, 163.0, 204.0, 200.0, 217.0, 221.0, 268.0]
[235.0, 194.0, 199.0, 190.0, 155.0, 204.0, 200.0, 217.0, 221.0, 268.0]
[255.0, 203.0, 199.0, 223.0, 163.0, 204.0, 200.0, 217.0, 221.0, 268.0]
[255.0, 194.0, 199.0, 190.0, 208.0, 212.0, 200.0, 217.0, 221.0, 268.0]
[255.0, 215.0, 181.0, 223.0, 208.0, 204.0, 200.0, 217.0, 221.0, 268.0]