

./trained_network/SD2/5x10+mix+SD2_exp18_4.pth -->>> 13x10x5.0+mix
0.08775854855775833
0.055116038769483566
0.07652116566896439
0.0951744019985199
0.07498833537101746
0.07424838840961456
0.059815533459186554
0.046985723078250885
0.05489124357700348
0.05138976871967316
0.03510743007063866
0.0409478098154068
0.05783914029598236
0.11463002115488052
0.10438047349452972
0.03716953843832016
0.024990960955619812
0.0492086298763752
0.0314866341650486
0.07003004848957062
0.013809151947498322

./trained_network/SD2/20x10+mix+SD2_exp18_4.pth -->>> 13x10x5.0+mix
0.0871000811457634
0.05552173778414726
0.040626026690006256
0.048274483531713486
0.024210892617702484
0.0006438447162508965
0.015289392322301865
0.02675907127559185
0.008492393419146538
0.008168099448084831
-0.0016861790791153908
0.0432879813015461
0.013195369392633438
-0.004011578857898712
0.058276500552892685
0.02018343284726143
-0.009826290421187878
0.0672127902507782
0.03596939891576767
0.00057954341173172
0.0036054840311408043

./trained_network/SD2/maml+exp18_204_512_3.pth -->>> 13x10x5.0+mix
1.4174259901046753
0.408743292093277
0.28586575388908386
0.16260558366775513
0.15777488052845
0.09489026665687561
0.056985966861248016
0.05640068277716637
0.06243153288960457
0.05466113239526749
0.0443425178527832
0.03524821996688843
0.03861899673938751
0.03214998543262482
0.030770057812333107
0.03480306640267372
0.03184982016682625
0.0404244139790535
0.036352451890707016
0.027454489842057228
0.05057520791888237