
./trained_network/SD2/5x10+mix+SD2_exp18_4.pth
[286.0, 314.0, 391.0, 307.0, 378.0, 374.0, 287.0, 308.0, 324.0, 300.0, 372.0, 367.0, 323.0, 378.0, 361.0, 355.0, 341.0, 293.0, 345.0, 350.0]
[309.0, 351.0, 390.0, 371.0, 381.0, 391.0, 291.0, 310.0, 383.0, 273.0, 387.0, 402.0, 341.0, 353.0, 354.0, 329.0, 290.0, 284.0, 339.0, 293.0]
[304.0, 305.0, 386.0, 315.0, 349.0, 334.0, 296.0, 311.0, 326.0, 321.0, 361.0, 377.0, 317.0, 351.0, 337.0, 393.0, 315.0, 310.0, 371.0, 323.0]
[304.0, 354.0, 330.0, 357.0, 385.0, 327.0, 298.0, 350.0, 346.0, 278.0, 359.0, 422.0, 314.0, 307.0, 343.0, 402.0, 251.0, 310.0, 325.0, 298.0]
[286.0, 360.0, 385.0, 284.0, 444.0, 368.0, 329.0, 334.0, 339.0, 282.0, 363.0, 371.0, 292.0, 398.0, 343.0, 365.0, 272.0, 332.0, 360.0, 283.0]
[333.0, 332.0, 349.0, 278.0, 381.0, 355.0, 280.0, 359.0, 339.0, 358.0, 390.0, 371.0, 286.0, 367.0, 286.0, 431.0, 300.0, 344.0, 392.0, 334.0]
[311.0, 305.0, 331.0, 363.0, 387.0, 334.0, 309.0, 301.0, 339.0, 326.0, 349.0, 351.0, 323.0, 415.0, 368.0, 327.0, 262.0, 289.0, 383.0, 321.0]
[322.0, 295.0, 412.0, 329.0, 381.0, 334.0, 269.0, 337.0, 389.0, 307.0, 375.0, 374.0, 289.0, 351.0, 343.0, 352.0, 315.0, 310.0, 333.0, 267.0]
[286.0, 281.0, 412.0, 326.0, 378.0, 380.0, 296.0, 311.0, 329.0, 309.0, 387.0, 364.0, 338.0, 400.0, 369.0, 344.0, 352.0, 323.0, 371.0, 286.0]
[288.0, 320.0, 456.0, 326.0, 398.0, 314.0, 267.0, 357.0, 322.0, 315.0, 387.0, 447.0, 291.0, 400.0, 394.0, 320.0, 293.0, 327.0, 371.0, 340.0]
[286.0, 299.0, 371.0, 330.0, 393.0, 407.0, 268.0, 316.0, 318.0, 293.0, 361.0, 349.0, 290.0, 326.0, 360.0, 353.0, 332.0, 290.0, 367.0, 296.0]
[304.0, 305.0, 358.0, 362.0, 373.0, 366.0, 295.0, 338.0, 345.0, 315.0, 315.0, 379.0, 337.0, 331.0, 371.0, 330.0, 280.0, 320.0, 414.0, 323.0]
[304.0, 279.0, 376.0, 336.0, 454.0, 363.0, 270.0, 357.0, 339.0, 318.0, 340.0, 382.0, 337.0, 378.0, 343.0, 356.0, 339.0, 291.0, 371.0, 357.0]
[286.0, 309.0, 358.0, 341.0, 373.0, 379.0, 286.0, 316.0, 345.0, 280.0, 383.0, 371.0, 321.0, 343.0, 343.0, 325.0, 290.0, 322.0, 414.0, 430.0]
[290.0, 314.0, 434.0, 367.0, 388.0, 363.0, 306.0, 344.0, 348.0, 313.0, 369.0, 408.0, 300.0, 383.0, 369.0, 393.0, 251.0, 268.0, 371.0, 327.0]
[286.0, 319.0, 363.0, 375.0, 388.0, 417.0, 296.0, 356.0, 326.0, 306.0, 345.0, 349.0, 292.0, 412.0, 379.0, 322.0, 271.0, 298.0, 371.0, 364.0]
[297.0, 290.0, 434.0, 331.0, 378.0, 354.0, 295.0, 316.0, 339.0, 286.0, 333.0, 334.0, 335.0, 316.0, 343.0, 362.0, 290.0, 337.0, 414.0, 313.0]
[304.0, 354.0, 377.0, 344.0, 381.0, 385.0, 267.0, 357.0, 337.0, 315.0, 340.0, 349.0, 315.0, 351.0, 381.0, 345.0, 296.0, 275.0, 400.0, 373.0]
[288.0, 299.0, 434.0, 341.0, 372.0, 348.0, 301.0, 355.0, 329.0, 310.0, 364.0, 422.0, 299.0, 323.0, 369.0, 307.0, 332.0, 322.0, 367.0, 324.0]
[302.0, 351.0, 358.0, 359.0, 396.0, 369.0, 296.0, 360.0, 348.0, 333.0, 329.0, 402.0, 299.0, 383.0, 355.0, 314.0, 315.0, 325.0, 438.0, 295.0]
[263.0, 299.0, 438.0, 336.0, 389.0, 337.0, 283.0, 316.0, 316.0, 333.0, 364.0, 379.0, 328.0, 353.0, 375.0, 348.0, 268.0, 321.0, 414.0, 321.0]
./trained_network/SD2/20x10+mix+SD2_exp18_4.pth
[317.0, 313.0, 330.0, 306.0, 379.0, 390.0, 317.0, 316.0, 397.0, 340.0, 326.0, 367.0, 257.0, 343.0, 374.0, 293.0, 291.0, 298.0, 424.0, 276.0]
[343.0, 353.0, 339.0, 318.0, 367.0, 390.0, 324.0, 306.0, 281.0, 337.0, 330.0, 376.0, 367.0, 350.0, 366.0, 307.0, 298.0, 316.0, 335.0, 308.0]
[307.0, 320.0, 321.0, 290.0, 314.0, 302.0, 246.0, 301.0, 315.0, 358.0, 353.0, 378.0, 308.0, 356.0, 365.0, 329.0, 270.0, 293.0, 362.0, 308.0]
[317.0, 266.0, 358.0, 345.0, 371.0, 391.0, 314.0, 347.0, 346.0, 270.0, 325.0, 346.0, 309.0, 338.0, 374.0, 356.0, 304.0, 363.0, 333.0, 317.0]
[361.0, 297.0, 321.0, 321.0, 338.0, 420.0, 295.0, 346.0, 322.0, 366.0, 300.0, 356.0, 302.0, 331.0, 360.0, 353.0, 289.0, 330.0, 314.0, 317.0]
[412.0, 330.0, 349.0, 293.0, 408.0, 346.0, 320.0, 346.0, 325.0, 321.0, 353.0, 373.0, 321.0, 279.0, 365.0, 353.0, 310.0, 341.0, 338.0, 381.0]
[283.0, 324.0, 386.0, 336.0, 314.0, 390.0, 300.0, 329.0, 313.0, 301.0, 325.0, 398.0, 310.0, 319.0, 302.0, 289.0, 339.0, 319.0, 338.0, 327.0]
[347.0, 299.0, 433.0, 340.0, 386.0, 356.0, 326.0, 324.0, 397.0, 352.0, 324.0, 329.0, 316.0, 367.0, 365.0, 313.0, 261.0, 266.0, 323.0, 329.0]
[291.0, 299.0, 415.0, 316.0, 362.0, 349.0, 277.0, 357.0, 382.0, 288.0, 357.0, 336.0, 336.0, 320.0, 343.0, 304.0, 284.0, 277.0, 375.0, 328.0]
[331.0, 295.0, 354.0, 383.0, 375.0, 390.0, 310.0, 334.0, 319.0, 330.0, 308.0, 329.0, 309.0, 356.0, 313.0, 303.0, 311.0, 296.0, 336.0, 301.0]
[319.0, 262.0, 347.0, 325.0, 364.0, 390.0, 275.0, 346.0, 339.0, 320.0, 325.0, 358.0, 322.0, 317.0, 351.0, 326.0, 292.0, 326.0, 322.0, 321.0]
[356.0, 313.0, 416.0, 338.0, 408.0, 329.0, 329.0, 357.0, 378.0, 318.0, 384.0, 378.0, 381.0, 401.0, 411.0, 280.0, 330.0, 291.0, 333.0, 328.0]
[306.0, 325.0, 330.0, 315.0, 323.0, 393.0, 304.0, 392.0, 357.0, 325.0, 332.0, 336.0, 366.0, 343.0, 360.0, 311.0, 285.0, 268.0, 356.0, 325.0]
[347.0, 313.0, 376.0, 367.0, 375.0, 392.0, 310.0, 330.0, 397.0, 288.0, 329.0, 373.0, 328.0, 375.0, 350.0, 322.0, 300.0, 326.0, 385.0, 347.0]
[362.0, 312.0, 392.0, 312.0, 405.0, 374.0, 305.0, 336.0, 372.0, 305.0, 341.0, 370.0, 328.0, 325.0, 310.0, 314.0, 289.0, 322.0, 380.0, 362.0]
[318.0, 312.0, 358.0, 265.0, 394.0, 392.0, 304.0, 318.0, 350.0, 336.0, 348.0, 360.0, 296.0, 379.0, 316.0, 333.0, 296.0, 354.0, 303.0, 378.0]
[300.0, 313.0, 392.0, 334.0, 366.0, 325.0, 275.0, 334.0, 339.0, 338.0, 305.0, 407.0, 362.0, 311.0, 411.0, 312.0, 273.0, 327.0, 359.0, 296.0]
[326.0, 330.0, 345.0, 335.0, 323.0, 335.0, 314.0, 357.0, 377.0, 299.0, 337.0, 355.0, 328.0, 354.0, 317.0, 304.0, 285.0, 332.0, 359.0, 294.0]
[300.0, 273.0, 383.0, 337.0, 359.0, 335.0, 305.0, 357.0, 369.0, 299.0, 359.0, 341.0, 293.0, 352.0, 354.0, 333.0, 291.0, 322.0, 367.0, 383.0]
[338.0, 303.0, 373.0, 351.0, 347.0, 392.0, 318.0, 357.0, 292.0, 354.0, 318.0, 342.0, 321.0, 325.0, 390.0, 288.0, 293.0, 361.0, 359.0, 316.0]
[361.0, 308.0, 358.0, 328.0, 417.0, 322.0, 261.0, 336.0, 342.0, 318.0, 329.0, 370.0, 324.0, 323.0, 349.0, 297.0, 325.0, 327.0, 388.0, 338.0]
./trained_network/SD2/maml+exp18_204_512_3.pth
[333.0, 292.0, 401.0, 326.0, 345.0, 355.0, 292.0, 343.0, 320.0, 397.0]
[325.0, 301.0, 442.0, 303.0, 394.0, 388.0, 277.0, 370.0, 317.0, 347.0]
[354.0, 356.0, 399.0, 357.0, 418.0, 347.0, 294.0, 371.0, 353.0, 316.0]
[274.0, 292.0, 359.0, 351.0, 424.0, 390.0, 324.0, 356.0, 316.0, 360.0]
[317.0, 289.0, 434.0, 331.0, 409.0, 343.0, 305.0, 313.0, 343.0, 305.0]
[317.0, 270.0, 453.0, 353.0, 364.0, 320.0, 316.0, 359.0, 336.0, 352.0]
[278.0, 321.0, 429.0, 365.0, 386.0, 320.0, 285.0, 347.0, 338.0, 320.0]
[308.0, 304.0, 419.0, 322.0, 396.0, 340.0, 322.0, 338.0, 357.0, 350.0]
[369.0, 293.0, 379.0, 310.0, 412.0, 360.0, 261.0, 395.0, 366.0, 363.0]
[348.0, 372.0, 418.0, 390.0, 363.0, 322.0, 327.0, 395.0, 408.0, 318.0]
[306.0, 302.0, 372.0, 294.0, 453.0, 381.0, 300.0, 333.0, 342.0, 320.0]
[282.0, 293.0, 403.0, 302.0, 406.0, 324.0, 299.0, 361.0, 321.0, 346.0]
[284.0, 301.0, 441.0, 315.0, 366.0, 364.0, 293.0, 394.0, 346.0, 318.0]
[362.0, 340.0, 395.0, 327.0, 408.0, 364.0, 269.0, 341.0, 365.0, 333.0]
[333.0, 304.0, 432.0, 343.0, 381.0, 361.0, 247.0, 317.0, 333.0, 338.0]
[360.0, 308.0, 417.0, 317.0, 402.0, 359.0, 306.0, 341.0, 355.0, 354.0]
[299.0, 300.0, 374.0, 306.0, 402.0, 328.0, 272.0, 310.0, 394.0, 364.0]
[345.0, 323.0, 384.0, 308.0, 391.0, 326.0, 336.0, 362.0, 402.0, 331.0]
[391.0, 343.0, 388.0, 383.0, 408.0, 343.0, 292.0, 361.0, 361.0, 345.0]
[377.0, 322.0, 418.0, 347.0, 407.0, 345.0, 294.0, 365.0, 349.0, 300.0]
[297.0, 373.0, 349.0, 360.0, 387.0, 399.0, 338.0, 362.0, 423.0, 342.0]