

./trained_network/SD2/30x30x5+mix+exp18_3.pth -->>> 20x13x5+mix
0.057310860604047775
0.06429827958345413
0.047954075038433075
0.02795458398759365
0.02330271154642105
0.018060196191072464
0.02458256483078003
0.012533946894109249
0.01974891684949398
0.014397009275853634
0.015898866578936577

./trained_network/SD2/20x5x5+mix+exp18_3.pth -->>> 20x13x5+mix
0.2537297010421753
0.12411435693502426
0.04993389546871185
0.04690714180469513
0.026369193568825722
0.014541992917656898
0.0192874725908041
0.021995170041918755
0.01682749204337597
0.0082324193790555
0.012117404490709305

./trained_network/SD2/maml+exp18_203_512_3.pth -->>> 20x13x5+mix
3.0080935955047607
0.5022953748703003
0.4227406084537506
0.1399744600057602
0.14436088502407074
0.08267735689878464
0.05200696736574173
0.06347928941249847
0.05425826087594032
0.05823487415909767
0.046666212379932404