

./trained_network/SD2/30x30x5+mix+exp18_3.pth -->>> 20x15x5+mix
0.038770150393247604
0.02563413605093956
0.022448793053627014
0.02412686124444008
0.01597553864121437
0.015406982973217964
0.012080056592822075
0.021331213414669037
0.020619284361600876
0.009653768502175808
0.014072613790631294

./trained_network/SD2/20x5x5+mix+exp18_3.pth -->>> 20x15x5+mix
0.2558339238166809
0.13082559406757355
0.044392965734004974
0.029822610318660736
0.018152853474020958
0.01501530222594738
0.02226589247584343
0.0295200627297163
0.010366976261138916
0.01637709140777588
0.008062169887125492

./trained_network/SD2/maml+exp18_203_512_3.pth -->>> 20x15x5+mix
3.2538962364196777
0.5522527694702148
0.38567766547203064
0.18166503310203552
0.15088288486003876
0.08127337694168091
0.0683031678199768
0.05932515859603882
0.05433270335197449
0.05043379217386246
0.02692152000963688