

./trained_network/SD2/maml+exp18_205_512_3.pth -->>> 20x10x5+mix
4.41096830368042
0.524011492729187
0.32323870062828064
0.27135759592056274
0.2073313444852829
0.18780545890331268
0.11768628656864166
0.1270447075366974
0.07883533835411072
0.0751572921872139
0.06538280844688416

./trained_network/SD2/20x10x5+mix+exp18_5.pth -->>> 20x10x5+mix
0.07606230676174164
0.05089176446199417
0.03141208738088608
0.014077695086598396
0.011009810492396355
0.03170933201909065
0.013815628364682198
0.019060688093304634
0.009326718747615814
0.006373270880430937
0.009477101266384125

./trained_network/SD2/20x10x20+mix+exp18_5.pth -->>> 20x10x5+mix
0.08865226060152054
0.02285677194595337
0.026833703741431236
0.020900141447782516
0.013882298953831196
0.012985581532120705
0.013042062520980835
0.014072319492697716
0.008809040300548077
0.011458173394203186
0.011198746040463448