

./trained_network/SD2/maml+exp18_205_512_3.pth -->>> 20x10x15+mix
7.876567840576172
0.8480470776557922
0.5954716801643372
0.5842311382293701
0.517050564289093
0.46320950984954834
0.49109935760498047
0.4706000089645386
0.5049198269844055
0.410128653049469
0.3834565281867981

./trained_network/SD2/20x10x5+mix+exp18_5.pth -->>> 20x10x15+mix
0.3162528872489929
0.18147647380828857
0.2268233597278595
0.25979363918304443
0.27850648760795593
0.32028210163116455
0.2759612500667572
0.22026824951171875
0.24051041901111603
0.34301772713661194
0.2192986011505127

./trained_network/SD2/20x10x20+mix+exp18_5.pth -->>> 20x10x15+mix
0.8908898830413818
0.17345696687698364
0.1201990395784378
0.07683216780424118
0.08043235540390015
0.05562928691506386
0.04568853974342346
0.0417851097881794
0.05075541138648987
0.05483261123299599
0.05257544293999672