

./trained_network/SD2/maml+exp18_205_512_3.pth -->>> 20x10x20+mix
8.019893646240234
1.2889760732650757
0.9763920903205872
1.1280198097229004
1.0341740846633911
1.0340816974639893
0.8217811584472656
0.7283421754837036
0.685880184173584
0.5904346704483032
0.7873589396476746

./trained_network/SD2/20x10x5+mix+exp18_5.pth -->>> 20x10x20+mix
0.33287954330444336
0.2939423620700836
0.3394811749458313
0.3142577111721039
0.3072209656238556
0.40744298696517944
0.34294816851615906
0.29245683550834656
0.3579087257385254
0.3886268138885498
0.3592900037765503

./trained_network/SD2/20x10x20+mix+exp18_5.pth -->>> 20x10x20+mix
1.8310068845748901
0.2736678719520569
0.16665560007095337
0.12320781499147415
0.07683424651622772
0.10139942169189453
0.14350679516792297
0.0921560749411583
0.07234540581703186
0.09397169947624207
0.22130554914474487