

./trained_network/SD2/20x5+mix+SD2_exp18_3.pth -->>> 20x7x5.0+mix
0.12725834548473358
0.10271652787923813
0.06330910325050354
0.056496672332286835
0.0714566707611084
0.06578216701745987
0.05052093043923378
0.0436692014336586
0.06454093754291534
0.04472119361162186
0.05411344766616821

./trained_network/SD2/maml+exp18_203_512_3.pth -->>> 20x7x5.0+mix
2.0278661251068115
0.45535147190093994
0.34502753615379333
0.24176689982414246
0.13168124854564667
0.13116836547851562
0.09756124764680862
0.0777662843465805
0.060581594705581665
0.05922293663024902
0.05772021785378456

./trained_network/SD2/20x5+mix+SD2_exp18_3.pth -->>> 20x7x5.0+mix
0.12725834548473358
0.10271652787923813
0.06330910325050354
0.056496672332286835
0.0714566707611084
0.06578216701745987
0.05052093043923378
0.0436692014336586
0.06454093754291534
0.04472119361162186
0.05411344766616821

./trained_network/SD2/20x20+mix+SD2_exp18_3.pth -->>> 20x7x5.0+mix
0.691598653793335
0.510331928730011
0.44339317083358765
0.48438793420791626
0.5147176384925842
0.5510034561157227
0.3925766944885254
0.3475646674633026
0.30598700046539307
0.33125340938568115
0.25258857011795044