
./trained_network/SD2/20x5+mix+SD2_exp18_3.pth
[494.0, 495.0, 520.0, 489.0, 505.0, 522.0, 495.0, 611.0, 447.0, 445.0, 608.0, 461.0, 485.0, 554.0, 541.0, 489.0, 492.0, 465.0, 496.0, 462.0]
[469.0, 510.0, 498.0, 603.0, 500.0, 525.0, 439.0, 558.0, 454.0, 456.0, 592.0, 508.0, 509.0, 587.0, 481.0, 456.0, 464.0, 510.0, 506.0, 480.0]
[478.0, 520.0, 480.0, 522.0, 493.0, 501.0, 472.0, 559.0, 501.0, 427.0, 587.0, 453.0, 515.0, 528.0, 431.0, 464.0, 465.0, 448.0, 510.0, 497.0]
[441.0, 501.0, 482.0, 486.0, 543.0, 541.0, 486.0, 586.0, 464.0, 432.0, 595.0, 490.0, 549.0, 487.0, 449.0, 523.0, 444.0, 442.0, 455.0, 475.0]
[461.0, 497.0, 498.0, 555.0, 490.0, 522.0, 443.0, 616.0, 493.0, 503.0, 588.0, 449.0, 564.0, 494.0, 433.0, 469.0, 438.0, 512.0, 488.0, 489.0]
[457.0, 473.0, 523.0, 529.0, 483.0, 534.0, 467.0, 626.0, 453.0, 508.0, 555.0, 450.0, 518.0, 457.0, 487.0, 449.0, 464.0, 499.0, 475.0, 469.0]
[456.0, 520.0, 490.0, 548.0, 482.0, 521.0, 406.0, 611.0, 432.0, 453.0, 539.0, 486.0, 488.0, 468.0, 448.0, 465.0, 475.0, 489.0, 508.0, 519.0]
[476.0, 482.0, 526.0, 505.0, 537.0, 487.0, 430.0, 576.0, 450.0, 472.0, 592.0, 468.0, 516.0, 482.0, 470.0, 478.0, 421.0, 462.0, 513.0, 513.0]
[480.0, 537.0, 524.0, 491.0, 486.0, 479.0, 433.0, 627.0, 451.0, 422.0, 574.0, 471.0, 510.0, 545.0, 475.0, 488.0, 439.0, 442.0, 475.0, 529.0]
[481.0, 505.0, 524.0, 530.0, 466.0, 531.0, 489.0, 577.0, 498.0, 450.0, 618.0, 503.0, 532.0, 495.0, 517.0, 485.0, 519.0, 457.0, 470.0, 484.0]
[479.0, 554.0, 543.0, 470.0, 518.0, 502.0, 465.0, 589.0, 447.0, 491.0, 584.0, 465.0, 516.0, 480.0, 420.0, 445.0, 444.0, 456.0, 496.0, 498.0]
./trained_network/SD2/maml+exp18_203_512_3.pth
[534.0, 552.0, 540.0, 505.0, 559.0, 536.0, 455.0, 623.0, 532.0, 474.0]
[445.0, 531.0, 487.0, 551.0, 575.0, 530.0, 487.0, 607.0, 485.0, 491.0]
[499.0, 515.0, 477.0, 470.0, 524.0, 514.0, 449.0, 622.0, 459.0, 445.0]
[472.0, 525.0, 511.0, 519.0, 507.0, 490.0, 442.0, 585.0, 523.0, 475.0]
[564.0, 488.0, 497.0, 512.0, 529.0, 507.0, 429.0, 575.0, 478.0, 476.0]
[464.0, 585.0, 474.0, 464.0, 536.0, 532.0, 478.0, 598.0, 497.0, 458.0]
[466.0, 543.0, 528.0, 497.0, 527.0, 518.0, 434.0, 611.0, 503.0, 484.0]
[479.0, 519.0, 543.0, 501.0, 517.0, 482.0, 438.0, 634.0, 475.0, 485.0]
[435.0, 522.0, 509.0, 509.0, 512.0, 538.0, 433.0, 592.0, 491.0, 467.0]
[494.0, 474.0, 500.0, 541.0, 551.0, 557.0, 466.0, 647.0, 474.0, 479.0]
[440.0, 484.0, 532.0, 478.0, 531.0, 564.0, 441.0, 606.0, 484.0, 474.0]
./trained_network/SD2/20x5+mix+SD2_exp18_3.pth
[494.0, 495.0, 520.0, 489.0, 505.0, 522.0, 495.0, 611.0, 447.0, 445.0, 608.0, 461.0, 485.0, 554.0, 541.0, 489.0, 492.0, 465.0, 496.0, 462.0]
[469.0, 510.0, 498.0, 603.0, 500.0, 525.0, 439.0, 558.0, 454.0, 456.0, 592.0, 508.0, 509.0, 587.0, 481.0, 456.0, 464.0, 510.0, 506.0, 480.0]
[478.0, 520.0, 480.0, 522.0, 493.0, 501.0, 472.0, 559.0, 501.0, 427.0, 587.0, 453.0, 515.0, 528.0, 431.0, 464.0, 465.0, 448.0, 510.0, 497.0]
[441.0, 501.0, 482.0, 486.0, 543.0, 541.0, 486.0, 586.0, 464.0, 432.0, 595.0, 490.0, 549.0, 487.0, 449.0, 523.0, 444.0, 442.0, 455.0, 475.0]
[461.0, 497.0, 498.0, 555.0, 490.0, 522.0, 443.0, 616.0, 493.0, 503.0, 588.0, 449.0, 564.0, 494.0, 433.0, 469.0, 438.0, 512.0, 488.0, 489.0]
[457.0, 473.0, 523.0, 529.0, 483.0, 534.0, 467.0, 626.0, 453.0, 508.0, 555.0, 450.0, 518.0, 457.0, 487.0, 449.0, 464.0, 499.0, 475.0, 469.0]
[456.0, 520.0, 490.0, 548.0, 482.0, 521.0, 406.0, 611.0, 432.0, 453.0, 539.0, 486.0, 488.0, 468.0, 448.0, 465.0, 475.0, 489.0, 508.0, 519.0]
[476.0, 482.0, 526.0, 505.0, 537.0, 487.0, 430.0, 576.0, 450.0, 472.0, 592.0, 468.0, 516.0, 482.0, 470.0, 478.0, 421.0, 462.0, 513.0, 513.0]
[480.0, 537.0, 524.0, 491.0, 486.0, 479.0, 433.0, 627.0, 451.0, 422.0, 574.0, 471.0, 510.0, 545.0, 475.0, 488.0, 439.0, 442.0, 475.0, 529.0]
[481.0, 505.0, 524.0, 530.0, 466.0, 531.0, 489.0, 577.0, 498.0, 450.0, 618.0, 503.0, 532.0, 495.0, 517.0, 485.0, 519.0, 457.0, 470.0, 484.0]
[479.0, 554.0, 543.0, 470.0, 518.0, 502.0, 465.0, 589.0, 447.0, 491.0, 584.0, 465.0, 516.0, 480.0, 420.0, 445.0, 444.0, 456.0, 496.0, 498.0]
./trained_network/SD2/20x20+mix+SD2_exp18_3.pth
[654.0, 706.0, 503.0, 629.0, 539.0, 524.0, 446.0, 774.0, 484.0, 577.0, 661.0, 621.0, 586.0, 548.0, 503.0, 590.0, 512.0, 523.0, 547.0, 617.0]
[747.0, 598.0, 523.0, 565.0, 603.0, 607.0, 465.0, 776.0, 575.0, 519.0, 699.0, 502.0, 523.0, 567.0, 523.0, 543.0, 517.0, 546.0, 554.0, 506.0]
[667.0, 603.0, 570.0, 583.0, 591.0, 656.0, 470.0, 695.0, 606.0, 507.0, 637.0, 545.0, 581.0, 662.0, 540.0, 591.0, 541.0, 507.0, 535.0, 532.0]
[662.0, 668.0, 571.0, 636.0, 536.0, 529.0, 459.0, 795.0, 555.0, 538.0, 714.0, 574.0, 627.0, 602.0, 547.0, 598.0, 509.0, 503.0, 566.0, 629.0]
[679.0, 649.0, 565.0, 685.0, 585.0, 662.0, 469.0, 764.0, 547.0, 561.0, 671.0, 527.0, 570.0, 571.0, 528.0, 625.0, 521.0, 518.0, 620.0, 562.0]
[617.0, 748.0, 550.0, 643.0, 566.0, 676.0, 474.0, 780.0, 565.0, 576.0, 631.0, 529.0, 585.0, 582.0, 538.0, 495.0, 560.0, 517.0, 508.0, 629.0]
[655.0, 651.0, 626.0, 604.0, 603.0, 621.0, 533.0, 721.0, 634.0, 475.0, 683.0, 570.0, 563.0, 536.0, 560.0, 599.0, 486.0, 555.0, 569.0, 564.0]
[691.0, 614.0, 628.0, 586.0, 627.0, 809.0, 519.0, 798.0, 571.0, 571.0, 618.0, 518.0, 560.0, 614.0, 557.0, 635.0, 525.0, 475.0, 619.0, 562.0]
[658.0, 711.0, 557.0, 606.0, 610.0, 688.0, 503.0, 688.0, 550.0, 478.0, 686.0, 581.0, 644.0, 559.0, 623.0, 626.0, 556.0, 490.0, 728.0, 572.0]
[709.0, 583.0, 545.0, 576.0, 567.0, 652.0, 440.0, 825.0, 539.0, 541.0, 731.0, 523.0, 599.0, 617.0, 604.0, 573.0, 508.0, 582.0, 532.0, 648.0]
[677.0, 596.0, 580.0, 629.0, 650.0, 626.0, 480.0, 764.0, 620.0, 606.0, 763.0, 555.0, 607.0, 620.0, 567.0, 541.0, 471.0, 543.0, 581.0, 576.0]