

./trained_network/SD2/5x10+mix+SD2_exp18_4.pth -->>> 10x10x5.0+mix
0.056095678359270096
0.05858457460999489
0.049548014998435974
0.04951193928718567
0.048237137496471405
0.042533472180366516
0.03961475193500519
0.03525439277291298
0.03210236504673958
0.03930497542023659
0.03837335482239723
0.03332938998937607
0.026636483147740364
0.04093394801020622
0.032017167657613754
0.029210610315203667
0.03573933616280556
0.0346207432448864
0.029127778485417366
0.031578171998262405
0.03137033432722092

./trained_network/SD2/20x10+mix+SD2_exp18_4.pth -->>> 10x10x5.0+mix
0.03207937628030777
0.032719243317842484
0.03235339745879173
0.021398982033133507
0.02097291313111782
0.02091088891029358
0.025305060669779778
0.022120386362075806
0.02027059905230999
0.03424360975623131
0.01602698676288128
0.019923169165849686
0.019551407545804977
0.02000056952238083
0.015142055228352547
0.02000655233860016
0.022217215970158577
0.016519637778401375
0.024607758969068527
0.01775234192609787
0.02027924545109272

./trained_network/SD2/maml+exp18_204_512_3.pth -->>> 10x10x5.0+mix
1.1991320848464966
0.4625130593776703
0.2270219624042511
0.14681413769721985
0.06022532284259796
0.06937696039676666
0.06578002870082855
0.060006700456142426
0.04544525593519211
0.03304759040474892
0.029182152822613716
0.02189023233950138
0.04375756159424782
0.02299869805574417
0.01720457896590233
0.026989469304680824
0.04219901189208031
0.023484855890274048
0.03503255546092987
0.029711715877056122
0.029158461838960648