
./trained_network/SD2/5x10+mix+SD2_exp18_4.pth
[287.0, 231.0, 287.0, 334.0, 253.0, 308.0, 270.0, 253.0, 281.0, 232.0, 254.0, 260.0, 237.0, 261.0, 317.0, 272.0, 279.0, 302.0, 326.0, 366.0]
[263.0, 244.0, 290.0, 269.0, 226.0, 291.0, 297.0, 313.0, 299.0, 252.0, 226.0, 254.0, 304.0, 252.0, 330.0, 247.0, 288.0, 321.0, 315.0, 301.0]
[263.0, 239.0, 264.0, 340.0, 226.0, 312.0, 279.0, 343.0, 284.0, 248.0, 232.0, 266.0, 241.0, 300.0, 318.0, 254.0, 316.0, 263.0, 326.0, 373.0]
[263.0, 238.0, 268.0, 288.0, 248.0, 308.0, 237.0, 275.0, 278.0, 245.0, 234.0, 261.0, 230.0, 239.0, 338.0, 246.0, 285.0, 264.0, 295.0, 325.0]
[263.0, 224.0, 281.0, 309.0, 222.0, 293.0, 277.0, 323.0, 284.0, 252.0, 222.0, 252.0, 266.0, 278.0, 279.0, 258.0, 280.0, 277.0, 302.0, 336.0]
[263.0, 244.0, 321.0, 302.0, 248.0, 312.0, 255.0, 323.0, 284.0, 252.0, 269.0, 276.0, 275.0, 237.0, 316.0, 268.0, 302.0, 310.0, 294.0, 334.0]
[317.0, 244.0, 264.0, 269.0, 225.0, 306.0, 255.0, 323.0, 266.0, 220.0, 232.0, 262.0, 260.0, 291.0, 277.0, 257.0, 316.0, 309.0, 324.0, 336.0]
[315.0, 245.0, 272.0, 340.0, 235.0, 324.0, 262.0, 313.0, 265.0, 253.0, 268.0, 258.0, 273.0, 293.0, 287.0, 275.0, 281.0, 310.0, 279.0, 301.0]
[263.0, 315.0, 290.0, 280.0, 214.0, 293.0, 222.0, 335.0, 263.0, 245.0, 268.0, 260.0, 275.0, 252.0, 271.0, 284.0, 292.0, 310.0, 326.0, 334.0]
[242.0, 217.0, 258.0, 334.0, 280.0, 317.0, 242.0, 316.0, 283.0, 264.0, 223.0, 260.0, 273.0, 219.0, 291.0, 276.0, 303.0, 284.0, 303.0, 334.0]
[263.0, 231.0, 317.0, 288.0, 253.0, 307.0, 243.0, 344.0, 253.0, 262.0, 254.0, 249.0, 281.0, 219.0, 287.0, 269.0, 330.0, 312.0, 308.0, 339.0]
[287.0, 244.0, 313.0, 309.0, 242.0, 258.0, 318.0, 313.0, 263.0, 233.0, 262.0, 252.0, 252.0, 286.0, 250.0, 287.0, 287.0, 276.0, 344.0, 307.0]
[287.0, 239.0, 313.0, 340.0, 248.0, 291.0, 282.0, 313.0, 267.0, 241.0, 262.0, 262.0, 260.0, 252.0, 290.0, 271.0, 297.0, 285.0, 312.0, 386.0]
[263.0, 261.0, 295.0, 270.0, 226.0, 312.0, 243.0, 355.0, 284.0, 248.0, 252.0, 252.0, 260.0, 252.0, 364.0, 243.0, 293.0, 332.0, 315.0, 361.0]
[287.0, 315.0, 288.0, 334.0, 226.0, 310.0, 250.0, 323.0, 266.0, 215.0, 254.0, 266.0, 267.0, 222.0, 287.0, 269.0, 275.0, 299.0, 326.0, 307.0]
[342.0, 268.0, 264.0, 332.0, 240.0, 308.0, 290.0, 343.0, 263.0, 212.0, 275.0, 292.0, 275.0, 295.0, 300.0, 294.0, 330.0, 299.0, 326.0, 373.0]
[263.0, 277.0, 264.0, 302.0, 225.0, 258.0, 293.0, 323.0, 268.0, 235.0, 222.0, 252.0, 304.0, 261.0, 317.0, 260.0, 303.0, 299.0, 315.0, 355.0]
[317.0, 218.0, 321.0, 309.0, 253.0, 291.0, 243.0, 323.0, 267.0, 283.0, 226.0, 249.0, 284.0, 222.0, 272.0, 247.0, 335.0, 310.0, 352.0, 308.0]
[302.0, 315.0, 321.0, 309.0, 253.0, 318.0, 228.0, 313.0, 239.0, 248.0, 238.0, 264.0, 238.0, 254.0, 275.0, 246.0, 275.0, 267.0, 326.0, 386.0]
[317.0, 250.0, 310.0, 302.0, 228.0, 315.0, 217.0, 323.0, 284.0, 234.0, 250.0, 255.0, 260.0, 210.0, 285.0, 269.0, 295.0, 310.0, 352.0, 386.0]
[301.0, 223.0, 264.0, 309.0, 281.0, 307.0, 265.0, 280.0, 263.0, 255.0, 262.0, 221.0, 229.0, 254.0, 317.0, 269.0, 327.0, 339.0, 352.0, 336.0]
./trained_network/SD2/20x10+mix+SD2_exp18_4.pth
[240.0, 252.0, 241.0, 331.0, 240.0, 281.0, 236.0, 301.0, 233.0, 239.0, 270.0, 300.0, 266.0, 278.0, 276.0, 285.0, 279.0, 264.0, 312.0, 298.0]
[267.0, 204.0, 241.0, 308.0, 267.0, 261.0, 236.0, 323.0, 254.0, 234.0, 229.0, 252.0, 237.0, 266.0, 335.0, 223.0, 293.0, 328.0, 326.0, 304.0]
[278.0, 224.0, 277.0, 309.0, 226.0, 259.0, 283.0, 263.0, 298.0, 263.0, 256.0, 284.0, 179.0, 259.0, 318.0, 263.0, 283.0, 255.0, 322.0, 297.0]
[291.0, 270.0, 277.0, 269.0, 229.0, 313.0, 244.0, 268.0, 292.0, 245.0, 247.0, 260.0, 245.0, 278.0, 304.0, 295.0, 282.0, 310.0, 302.0, 300.0]
[247.0, 228.0, 241.0, 309.0, 248.0, 263.0, 217.0, 262.0, 292.0, 242.0, 270.0, 214.0, 245.0, 285.0, 288.0, 266.0, 324.0, 300.0, 284.0, 316.0]
[265.0, 235.0, 288.0, 309.0, 235.0, 312.0, 266.0, 242.0, 235.0, 240.0, 277.0, 266.0, 252.0, 299.0, 275.0, 281.0, 299.0, 285.0, 302.0, 304.0]
[243.0, 235.0, 284.0, 340.0, 248.0, 261.0, 252.0, 221.0, 255.0, 273.0, 271.0, 253.0, 229.0, 286.0, 275.0, 245.0, 303.0, 308.0, 286.0, 301.0]
[240.0, 211.0, 241.0, 340.0, 254.0, 315.0, 265.0, 268.0, 294.0, 287.0, 253.0, 302.0, 249.0, 278.0, 304.0, 250.0, 285.0, 257.0, 319.0, 312.0]
[267.0, 218.0, 266.0, 300.0, 232.0, 264.0, 236.0, 268.0, 244.0, 259.0, 270.0, 249.0, 237.0, 266.0, 295.0, 223.0, 279.0, 308.0, 300.0, 301.0]
[247.0, 260.0, 282.0, 309.0, 242.0, 315.0, 245.0, 268.0, 292.0, 237.0, 259.0, 302.0, 358.0, 259.0, 336.0, 250.0, 311.0, 288.0, 312.0, 312.0]
[247.0, 226.0, 266.0, 309.0, 253.0, 316.0, 292.0, 268.0, 292.0, 251.0, 278.0, 258.0, 235.0, 263.0, 304.0, 289.0, 324.0, 245.0, 314.0, 301.0]
[267.0, 239.0, 266.0, 332.0, 241.0, 263.0, 281.0, 268.0, 292.0, 280.0, 300.0, 214.0, 255.0, 263.0, 275.0, 257.0, 316.0, 245.0, 307.0, 300.0]
[317.0, 286.0, 284.0, 340.0, 236.0, 281.0, 224.0, 283.0, 253.0, 251.0, 258.0, 208.0, 245.0, 275.0, 313.0, 250.0, 299.0, 245.0, 302.0, 297.0]
[247.0, 203.0, 284.0, 338.0, 238.0, 281.0, 254.0, 268.0, 292.0, 251.0, 285.0, 252.0, 245.0, 246.0, 293.0, 257.0, 324.0, 288.0, 319.0, 312.0]
[267.0, 264.0, 241.0, 317.0, 232.0, 293.0, 275.0, 265.0, 281.0, 267.0, 228.0, 252.0, 246.0, 275.0, 293.0, 269.0, 282.0, 310.0, 284.0, 300.0]
[342.0, 234.0, 241.0, 309.0, 238.0, 304.0, 243.0, 268.0, 292.0, 247.0, 304.0, 302.0, 235.0, 278.0, 318.0, 246.0, 308.0, 217.0, 284.0, 343.0]
[267.0, 239.0, 266.0, 380.0, 242.0, 294.0, 236.0, 241.0, 253.0, 218.0, 228.0, 284.0, 235.0, 282.0, 276.0, 280.0, 325.0, 257.0, 319.0, 301.0]
[240.0, 260.0, 241.0, 277.0, 253.0, 293.0, 264.0, 268.0, 292.0, 282.0, 284.0, 251.0, 293.0, 263.0, 306.0, 257.0, 291.0, 253.0, 284.0, 311.0]
[289.0, 223.0, 282.0, 334.0, 235.0, 318.0, 225.0, 268.0, 244.0, 304.0, 254.0, 302.0, 304.0, 299.0, 335.0, 269.0, 331.0, 217.0, 284.0, 312.0]
[247.0, 271.0, 279.0, 309.0, 232.0, 258.0, 217.0, 240.0, 244.0, 242.0, 250.0, 300.0, 239.0, 263.0, 275.0, 269.0, 283.0, 253.0, 289.0, 307.0]
[235.0, 212.0, 241.0, 309.0, 232.0, 313.0, 244.0, 268.0, 298.0, 271.0, 251.0, 248.0, 269.0, 263.0, 275.0, 233.0, 308.0, 257.0, 286.0, 308.0]
./trained_network/SD2/maml+exp18_204_512_3.pth
[330.0, 235.0, 238.0, 362.0, 295.0, 284.0, 232.0, 262.0, 263.0, 233.0]
[240.0, 229.0, 253.0, 276.0, 283.0, 297.0, 224.0, 334.0, 263.0, 261.0]
[251.0, 275.0, 303.0, 351.0, 316.0, 293.0, 284.0, 277.0, 307.0, 269.0]
[241.0, 227.0, 303.0, 276.0, 270.0, 389.0, 265.0, 268.0, 346.0, 232.0]
[301.0, 239.0, 295.0, 276.0, 301.0, 293.0, 258.0, 355.0, 278.0, 269.0]
[326.0, 316.0, 342.0, 291.0, 248.0, 282.0, 357.0, 348.0, 307.0, 268.0]
[301.0, 204.0, 312.0, 293.0, 326.0, 273.0, 302.0, 342.0, 284.0, 336.0]
[287.0, 306.0, 349.0, 400.0, 214.0, 289.0, 295.0, 334.0, 274.0, 269.0]
[301.0, 227.0, 312.0, 288.0, 214.0, 346.0, 278.0, 254.0, 270.0, 252.0]
[287.0, 304.0, 295.0, 370.0, 270.0, 293.0, 274.0, 286.0, 281.0, 252.0]
[325.0, 260.0, 295.0, 311.0, 270.0, 293.0, 330.0, 291.0, 336.0, 276.0]
[326.0, 302.0, 295.0, 280.0, 275.0, 293.0, 283.0, 339.0, 292.0, 249.0]
[301.0, 280.0, 300.0, 408.0, 261.0, 293.0, 231.0, 368.0, 284.0, 252.0]
[301.0, 214.0, 295.0, 355.0, 270.0, 293.0, 280.0, 286.0, 292.0, 252.0]
[276.0, 221.0, 303.0, 334.0, 270.0, 293.0, 199.0, 320.0, 307.0, 252.0]
[301.0, 250.0, 295.0, 363.0, 248.0, 293.0, 286.0, 384.0, 292.0, 276.0]
[302.0, 235.0, 295.0, 276.0, 279.0, 315.0, 246.0, 415.0, 263.0, 268.0]
[299.0, 252.0, 324.0, 363.0, 270.0, 293.0, 231.0, 295.0, 307.0, 252.0]
[330.0, 252.0, 295.0, 407.0, 261.0, 307.0, 245.0, 295.0, 239.0, 276.0]
[266.0, 252.0, 295.0, 402.0, 270.0, 293.0, 247.0, 368.0, 298.0, 252.0]
[326.0, 204.0, 295.0, 349.0, 270.0, 302.0, 234.0, 339.0, 252.0, 264.0]