

./trained_network/SD2/30x10x5+mix+exp18_4.pth -->>> 5x10x5+mix
0.22006332874298096
0.07429421693086624
0.029382601380348206
0.009905096143484116
0.006304961163550615
0.01384469773620367
0.00924355536699295
0.0020927819423377514
0.0012299234513193369
0.00393656874075532
0.01000143401324749

./trained_network/SD2/5x10x5+mix+exp18_4.pth -->>> 5x10x5+mix
0.004685397259891033
0.001575780799612403
0.0073899622075259686
-0.006987076252698898
0.03547742962837219
0.01942405104637146
0.014132199808955193
0.014566145837306976
0.007772461045533419
0.01007918082177639
0.002241340931504965

./trained_network/SD2/maml+exp18_204_512_3.pth -->>> 5x10x5+mix
2.95158314704895
0.6814427971839905
0.4345944821834564
0.24005772173404694
0.12409495562314987
0.08730050176382065
0.04999110475182533
0.033940378576517105
0.026366131380200386
0.01747993752360344
0.01480640098452568