

./trained_network/SD2/20x5+mix+SD2_exp18_3.pth -->>> 20x20x5.0+mix
0.32155245542526245
0.2658306360244751
0.15917140245437622
0.11038489639759064
0.09183286875486374
0.0827547237277031
0.07673361897468567
0.08996754884719849
0.06666518747806549
0.05240931361913681
0.053785622119903564

./trained_network/SD2/maml+exp18_203_512_3.pth -->>> 20x20x5.0+mix
3.6293716430664062
0.6475473642349243
0.3240149915218353
0.2361621856689453
0.1767943650484085
0.0907873585820198
0.0745442733168602
0.06098179519176483
0.04279822111129761
0.029018022119998932
0.03122284635901451

./trained_network/SD2/20x5+mix+SD2_exp18_3.pth -->>> 20x20x5.0+mix
0.32155245542526245
0.2658306360244751
0.15917140245437622
0.11038489639759064
0.09183286875486374
0.0827547237277031
0.07673361897468567
0.08996754884719849
0.06666518747806549
0.05240931361913681
0.053785622119903564

./trained_network/SD2/20x20+mix+SD2_exp18_3.pth -->>> 20x20x5.0+mix
0.020143259316682816
0.013389213010668755
0.015956522896885872
0.013679694384336472
0.0163593553006649
0.014719560742378235
0.022782113403081894
0.02071268856525421
0.013073653914034367
0.012197516858577728
0.019472738727927208