
./trained_network/SD2/20x5+mix+SD2_exp18_3.pth
[319.0, 247.0, 248.0, 204.0, 245.0, 326.0, 296.0, 211.0, 222.0, 250.0, 267.0, 237.0, 257.0, 228.0, 339.0, 238.0, 312.0, 209.0, 245.0, 256.0]
[334.0, 236.0, 280.0, 208.0, 272.0, 281.0, 315.0, 235.0, 263.0, 243.0, 282.0, 268.0, 311.0, 250.0, 314.0, 231.0, 255.0, 237.0, 240.0, 280.0]
[222.0, 264.0, 272.0, 220.0, 272.0, 317.0, 276.0, 215.0, 305.0, 253.0, 234.0, 277.0, 251.0, 242.0, 312.0, 234.0, 249.0, 199.0, 249.0, 307.0]
[327.0, 309.0, 299.0, 202.0, 317.0, 284.0, 316.0, 225.0, 261.0, 232.0, 251.0, 258.0, 263.0, 241.0, 310.0, 211.0, 278.0, 221.0, 290.0, 306.0]
[261.0, 318.0, 285.0, 205.0, 296.0, 245.0, 278.0, 275.0, 233.0, 251.0, 337.0, 253.0, 267.0, 249.0, 300.0, 226.0, 239.0, 234.0, 259.0, 309.0]
[254.0, 255.0, 267.0, 211.0, 283.0, 279.0, 310.0, 276.0, 233.0, 235.0, 299.0, 228.0, 340.0, 249.0, 349.0, 219.0, 289.0, 191.0, 254.0, 316.0]
[264.0, 301.0, 261.0, 237.0, 272.0, 245.0, 322.0, 239.0, 247.0, 300.0, 238.0, 268.0, 252.0, 238.0, 296.0, 249.0, 229.0, 226.0, 276.0, 274.0]
[319.0, 314.0, 246.0, 224.0, 276.0, 292.0, 308.0, 228.0, 234.0, 254.0, 246.0, 373.0, 224.0, 257.0, 357.0, 263.0, 224.0, 268.0, 245.0, 289.0]
[268.0, 282.0, 285.0, 190.0, 275.0, 297.0, 261.0, 228.0, 258.0, 286.0, 246.0, 315.0, 308.0, 218.0, 294.0, 233.0, 265.0, 186.0, 285.0, 256.0]
[344.0, 287.0, 271.0, 217.0, 233.0, 285.0, 238.0, 229.0, 232.0, 254.0, 258.0, 271.0, 299.0, 247.0, 314.0, 236.0, 262.0, 217.0, 216.0, 296.0]
[242.0, 323.0, 250.0, 222.0, 254.0, 239.0, 307.0, 307.0, 277.0, 263.0, 240.0, 266.0, 246.0, 223.0, 268.0, 204.0, 266.0, 206.0, 267.0, 242.0]
./trained_network/SD2/maml+exp18_203_512_3.pth
[248.0, 348.0, 251.0, 224.0, 251.0, 256.0, 276.0, 288.0, 236.0, 257.0]
[270.0, 328.0, 256.0, 231.0, 268.0, 288.0, 314.0, 266.0, 266.0, 270.0]
[237.0, 327.0, 257.0, 248.0, 240.0, 286.0, 350.0, 282.0, 257.0, 278.0]
[285.0, 247.0, 246.0, 231.0, 283.0, 239.0, 260.0, 332.0, 207.0, 250.0]
[336.0, 322.0, 270.0, 237.0, 293.0, 343.0, 247.0, 287.0, 260.0, 300.0]
[325.0, 310.0, 254.0, 290.0, 298.0, 270.0, 293.0, 275.0, 271.0, 303.0]
[252.0, 302.0, 294.0, 265.0, 296.0, 305.0, 325.0, 267.0, 275.0, 253.0]
[358.0, 310.0, 263.0, 215.0, 293.0, 258.0, 333.0, 347.0, 226.0, 274.0]
[304.0, 328.0, 264.0, 192.0, 291.0, 270.0, 322.0, 275.0, 253.0, 254.0]
[324.0, 311.0, 277.0, 241.0, 343.0, 256.0, 286.0, 288.0, 257.0, 280.0]
[357.0, 256.0, 279.0, 230.0, 240.0, 262.0, 286.0, 241.0, 229.0, 313.0]
./trained_network/SD2/20x5+mix+SD2_exp18_3.pth
[319.0, 247.0, 248.0, 204.0, 245.0, 326.0, 296.0, 211.0, 222.0, 250.0, 267.0, 237.0, 257.0, 228.0, 339.0, 238.0, 312.0, 209.0, 245.0, 256.0]
[334.0, 236.0, 280.0, 208.0, 272.0, 281.0, 315.0, 235.0, 263.0, 243.0, 282.0, 268.0, 311.0, 250.0, 314.0, 231.0, 255.0, 237.0, 240.0, 280.0]
[222.0, 264.0, 272.0, 220.0, 272.0, 317.0, 276.0, 215.0, 305.0, 253.0, 234.0, 277.0, 251.0, 242.0, 312.0, 234.0, 249.0, 199.0, 249.0, 307.0]
[327.0, 309.0, 299.0, 202.0, 317.0, 284.0, 316.0, 225.0, 261.0, 232.0, 251.0, 258.0, 263.0, 241.0, 310.0, 211.0, 278.0, 221.0, 290.0, 306.0]
[261.0, 318.0, 285.0, 205.0, 296.0, 245.0, 278.0, 275.0, 233.0, 251.0, 337.0, 253.0, 267.0, 249.0, 300.0, 226.0, 239.0, 234.0, 259.0, 309.0]
[254.0, 255.0, 267.0, 211.0, 283.0, 279.0, 310.0, 276.0, 233.0, 235.0, 299.0, 228.0, 340.0, 249.0, 349.0, 219.0, 289.0, 191.0, 254.0, 316.0]
[264.0, 301.0, 261.0, 237.0, 272.0, 245.0, 322.0, 239.0, 247.0, 300.0, 238.0, 268.0, 252.0, 238.0, 296.0, 249.0, 229.0, 226.0, 276.0, 274.0]
[319.0, 314.0, 246.0, 224.0, 276.0, 292.0, 308.0, 228.0, 234.0, 254.0, 246.0, 373.0, 224.0, 257.0, 357.0, 263.0, 224.0, 268.0, 245.0, 289.0]
[268.0, 282.0, 285.0, 190.0, 275.0, 297.0, 261.0, 228.0, 258.0, 286.0, 246.0, 315.0, 308.0, 218.0, 294.0, 233.0, 265.0, 186.0, 285.0, 256.0]
[344.0, 287.0, 271.0, 217.0, 233.0, 285.0, 238.0, 229.0, 232.0, 254.0, 258.0, 271.0, 299.0, 247.0, 314.0, 236.0, 262.0, 217.0, 216.0, 296.0]
[242.0, 323.0, 250.0, 222.0, 254.0, 239.0, 307.0, 307.0, 277.0, 263.0, 240.0, 266.0, 246.0, 223.0, 268.0, 204.0, 266.0, 206.0, 267.0, 242.0]
./trained_network/SD2/20x20+mix+SD2_exp18_3.pth
[222.0, 252.0, 241.0, 279.0, 238.0, 256.0, 234.0, 307.0, 295.0, 253.0, 250.0, 257.0, 327.0, 275.0, 256.0, 261.0, 236.0, 251.0, 244.0, 338.0]
[236.0, 237.0, 259.0, 283.0, 241.0, 252.0, 238.0, 252.0, 247.0, 257.0, 292.0, 307.0, 295.0, 294.0, 233.0, 253.0, 253.0, 296.0, 216.0, 306.0]
[257.0, 261.0, 199.0, 320.0, 296.0, 233.0, 214.0, 288.0, 278.0, 292.0, 275.0, 288.0, 257.0, 259.0, 290.0, 243.0, 290.0, 308.0, 229.0, 253.0]
[250.0, 217.0, 276.0, 246.0, 218.0, 268.0, 271.0, 295.0, 259.0, 265.0, 244.0, 241.0, 266.0, 254.0, 260.0, 219.0, 253.0, 293.0, 235.0, 258.0]
[243.0, 228.0, 195.0, 271.0, 274.0, 264.0, 240.0, 255.0, 277.0, 288.0, 264.0, 233.0, 278.0, 266.0, 312.0, 233.0, 248.0, 282.0, 227.0, 271.0]
[259.0, 254.0, 205.0, 285.0, 254.0, 285.0, 251.0, 249.0, 262.0, 268.0, 268.0, 284.0, 281.0, 262.0, 281.0, 258.0, 213.0, 347.0, 228.0, 290.0]
[279.0, 238.0, 218.0, 326.0, 227.0, 266.0, 271.0, 307.0, 278.0, 341.0, 262.0, 277.0, 305.0, 242.0, 256.0, 239.0, 294.0, 255.0, 210.0, 286.0]
[217.0, 220.0, 206.0, 293.0, 217.0, 266.0, 239.0, 268.0, 286.0, 345.0, 228.0, 288.0, 259.0, 266.0, 265.0, 221.0, 225.0, 262.0, 240.0, 259.0]
[252.0, 254.0, 200.0, 306.0, 243.0, 263.0, 234.0, 264.0, 253.0, 308.0, 244.0, 278.0, 260.0, 274.0, 275.0, 269.0, 223.0, 276.0, 262.0, 263.0]
[279.0, 262.0, 215.0, 269.0, 269.0, 268.0, 263.0, 245.0, 228.0, 298.0, 226.0, 291.0, 242.0, 316.0, 283.0, 213.0, 252.0, 294.0, 224.0, 307.0]
[257.0, 257.0, 213.0, 248.0, 224.0, 274.0, 284.0, 237.0, 270.0, 296.0, 259.0, 278.0, 245.0, 266.0, 289.0, 246.0, 217.0, 273.0, 255.0, 271.0]