

./trained_network/SD2/30x10x5+mix+exp18_4.pth -->>> 10x10x5+mix
0.1722821444272995
0.09200389683246613
0.036849621683359146
0.05396285653114319
0.024856507778167725
0.019374774768948555
0.015707407146692276
0.03223005682229996
0.030703376978635788
0.019814465194940567
0.013222179375588894

./trained_network/SD2/5x10x5+mix+exp18_4.pth -->>> 10x10x5+mix
0.033690765500068665
0.03627945855259895
0.01951456628739834
0.023658467456698418
0.01837984286248684
0.019800148904323578
0.018068667501211166
0.01878904178738594
0.021284375339746475
0.02592814713716507
0.023341640830039978

./trained_network/SD2/maml+exp18_204_512_3.pth -->>> 10x10x5+mix
1.8878670930862427
0.4281896948814392
0.2616899013519287
0.17672514915466309
0.1258399784564972
0.10203017294406891
0.06459548324346542
0.04375271871685982
0.03786745294928551
0.03757692128419876
0.03737465292215347