

./trained_network/SD2/30x10x5+mix+exp18_4.pth -->>> 17x10x5+mix
0.11033101379871368
0.05143351852893829
0.01899813488125801
0.012671029195189476
0.0027497357223182917
0.010326838120818138
0.011416167952120304
0.010206330567598343
0.005722686182707548
0.009241346269845963
0.009870758280158043

./trained_network/SD2/5x10x5+mix+exp18_4.pth -->>> 17x10x5+mix
0.06647111475467682
0.050390277057886124
0.06494485586881638
0.049900881946086884
0.04563375189900398
0.025277992710471153
0.013333778828382492
0.026436949148774147
0.01929876208305359
0.02590104751288891
0.029552536085247993

./trained_network/SD2/maml+exp18_204_512_3.pth -->>> 17x10x5+mix
2.6860053539276123
0.42689597606658936
0.21667161583900452
0.2088957130908966
0.1672949492931366
0.09745064377784729
0.08819790184497833
0.10463304817676544
0.08706042170524597
0.05967998132109642
0.05477234721183777

./trained_network/SD2/30x10x5+mix.pth -->>> 17x10x5+mix
0.10833080857992172
0.04281022399663925
0.014893248677253723
0.01088167168200016
0.0179548691958189
0.005834565963596106
0.011381052434444427
0.003883164143189788
0.01247484516352415
0.004645973443984985
0.009891415014863014

./trained_network/SD2/5x10x5+mix.pth -->>> 17x10x5+mix
0.06131871044635773
0.053204283118247986
0.05917811021208763
0.04676654934883118
0.026647306978702545
0.022109344601631165
0.017922451719641685
0.02432539500296116
0.029601354151964188
0.021422777324914932
0.02598445490002632