

./trained_network/SD2/maml+exp18_205_512_3.pth -->>> 20x10x10+mix
6.306905746459961
1.2979580163955688
0.9779006242752075
0.5496487617492676
0.43547508120536804
0.36085644364356995
0.3671315014362335
0.29576441645622253
0.23382404446601868
0.2343694567680359
0.22514651715755463

./trained_network/SD2/20x10x5+mix+exp18_5.pth -->>> 20x10x10+mix
0.1456514596939087
0.11945795267820358
0.10080467909574509
0.08999737352132797
0.10353006422519684
0.07767634093761444
0.09805674850940704
0.07394414395093918
0.0767514556646347
0.06771755963563919
0.06238611787557602

./trained_network/SD2/20x10x20+mix+exp18_5.pth -->>> 20x10x10+mix
0.36545330286026
0.09817801415920258
0.07118503749370575
0.05498857423663139
0.036207690834999084
0.0388294942677021
0.01702585630118847
0.019189851358532906
0.04094669967889786
0.023329483345150948
0.02853049896657467