

./trained_network/SD2/maml+exp18_205_512_3.pth -->>> 20x10x17+mix
7.928525447845459
1.1275970935821533
0.9586592316627502
0.8555812239646912
0.8759443759918213
0.777309000492096
0.9116155505180359
0.8778627514839172
0.5272644758224487
0.7314436435699463
0.4292009174823761

./trained_network/SD2/20x10x5+mix+exp18_5.pth -->>> 20x10x17+mix
0.24250133335590363
0.2581634223461151
0.292923241853714
0.3366422653198242
0.30861344933509827
0.31388869881629944
0.3109372556209564
0.488212913274765
0.4029681384563446
0.2738622725009918
0.3291155993938446

./trained_network/SD2/20x10x20+mix+exp18_5.pth -->>> 20x10x17+mix
1.4588450193405151
0.20093312859535217
0.05619028955698013
0.09843848645687103
0.025985999032855034
0.05769092217087746
0.06135986000299454
0.061428435146808624
0.07099936902523041
0.09074626117944717
0.06987518072128296