

./trained_network/SD2/30x10x5+mix+exp18_4.pth -->>> 20x10x5+mix
0.12409817427396774
0.04989136755466461
0.017984960228204727
0.01138524804264307
0.012839281000196934
0.016561448574066162
0.011513873934745789
0.016415122896432877
0.00846167840063572
0.009890207089483738
0.01036633737385273

./trained_network/SD2/5x10x5+mix+exp18_4.pth -->>> 20x10x5+mix
0.09614986926317215
0.08633588999509811
0.07995619624853134
0.08381422609090805
0.07512950897216797
0.07009916752576828
0.05197756737470627
0.053322698920965195
0.07459796965122223
0.0336124487221241
0.04236902296543121

./trained_network/SD2/maml+exp18_204_512_3.pth -->>> 20x10x5+mix
2.9780385494232178
0.4143027663230896
0.2220633178949356
0.16146312654018402
0.12118968367576599
0.11041592061519623
0.09097154438495636
0.06616254150867462
0.07621794193983078
0.06098577380180359
0.057113975286483765

./trained_network/SD2/30x10x5+mix.pth -->>> 20x10x5+mix
0.1238151490688324
0.03809140622615814
0.021221064031124115
0.016187651082873344
0.026955481618642807
0.020519541576504707
0.013064322993159294
0.016726592555642128
0.015086313709616661
0.00783459097146988
0.014163641259074211

./trained_network/SD2/5x10x5+mix.pth -->>> 20x10x5+mix
0.08836810290813446
0.07577753067016602
0.0530751533806324
0.08645780384540558
0.10172691941261292
0.08675150573253632
0.08593335002660751
0.09535427391529083
0.06964623183012009
0.05595281720161438
0.030297957360744476