

./trained_network/SD2/30x30x5+mix+exp18_3.pth -->>> 20x7x5+mix
0.269506573677063
0.20358653366565704
0.1870017647743225
0.1601698100566864
0.1377871036529541
0.1038990393280983
0.11392536014318466
0.11346475780010223
0.11583905667066574
0.12111417949199677
0.07917845994234085

./trained_network/SD2/20x5x5+mix+exp18_3.pth -->>> 20x7x5+mix
0.21178093552589417
0.11764464527368546
0.04363897442817688
0.04451611638069153
0.02883150987327099
0.024188874289393425
0.029842782765626907
0.032456666231155396
0.028332464396953583
0.026234805583953857
0.024598779156804085

./trained_network/SD2/maml+exp18_203_512_3.pth -->>> 20x7x5+mix
2.0278661251068115
0.45535147190093994
0.34502753615379333
0.24176689982414246
0.13168124854564667
0.13116836547851562
0.09756124764680862
0.0777662843465805
0.060581594705581665
0.05922293663024902
0.05772021785378456