

./trained_network/SD2/30x30x5+mix+exp18_3.pth -->>> 20x20x5+mix
0.042042285203933716
0.005870342720299959
0.0033585664350539446
0.0039206454530358315
0.002844423521310091
0.004165056627243757
0.01400458998978138
0.010150867514312267
0.010356627404689789
0.006196973845362663
0.005454183556139469

./trained_network/SD2/20x5x5+mix+exp18_3.pth -->>> 20x20x5+mix
0.29604601860046387
0.10645782947540283
0.052648939192295074
0.02147565968334675
0.011881666257977486
0.011454571969807148
0.016734950244426727
0.009327749721705914
0.015540126711130142
0.008305154740810394
0.007481017149984837

./trained_network/SD2/maml+exp18_203_512_3.pth -->>> 20x20x5+mix
3.6293716430664062
0.6475473642349243
0.3240149915218353
0.2361621856689453
0.1767943650484085
0.0907873585820198
0.0745442733168602
0.06098179519176483
0.04279822111129761
0.029018022119998932
0.03122284635901451