

./trained_network/SD2/30x30x5+mix+exp18_3.pth -->>> 20x5x5+mix
0.7845261693000793
0.7200800180435181
0.8169031739234924
0.511635959148407
0.3573015332221985
0.32168614864349365
0.21758446097373962
0.17912746965885162
0.1964653581380844
0.10155506432056427
0.1388063132762909

./trained_network/SD2/20x5x5+mix+exp18_3.pth -->>> 20x5x5+mix
0.20334811508655548
0.089261993765831
0.07926236093044281
0.04111141711473465
0.046839602291584015
0.051543645560741425
0.032575685530900955
0.045735590159893036
0.04488840699195862
0.05355698615312576
0.028378330171108246

./trained_network/SD2/maml+exp18_203_512_3.pth -->>> 20x5x5+mix
4.132761478424072
0.7225887179374695
0.8125004172325134
0.4743413031101227
0.3793390095233917
0.4025765359401703
0.25690969824790955
0.18467727303504944
0.17087233066558838
0.15490823984146118
0.12474057823419571