

./trained_network/SD2/30x10x5+mix+exp18_4.pth -->>> 7x10x5+mix
0.16643668711185455
0.07004869729280472
0.03177236020565033
0.03639011085033417
0.01985296420753002
0.008274530991911888
0.015171509236097336
0.013155411928892136
0.015556911937892437
0.013443723320960999
0.011610276997089386

./trained_network/SD2/5x10x5+mix+exp18_4.pth -->>> 7x10x5+mix
0.009844704531133175
0.008186005987226963
0.011175258085131645
0.025970499962568283
0.02665049396455288
0.01414368487894535
0.015076125040650368
0.0035741892643272877
0.016107099130749702
0.014808223582804203
0.013547253794968128

./trained_network/SD2/maml+exp18_204_512_3.pth -->>> 7x10x5+mix
1.0591883659362793
0.35222452878952026
0.08312913775444031
0.10790155082941055
0.04327026382088661
0.03375996649265289
0.025545397773385048
0.011505240574479103
0.007881054654717445
0.013909370638430119
0.021916445344686508