

./trained_network/SD2/maml+exp18_205_512_3.pth -->>> 20x10x13+mix
7.761587142944336
0.7062153220176697
0.726061224937439
0.7977867722511292
0.7316411733627319
0.6078691482543945
0.6679164171218872
0.6486238241195679
0.43440061807632446
0.3948691487312317
0.33590659499168396

./trained_network/SD2/20x10x5+mix+exp18_5.pth -->>> 20x10x13+mix
0.14505000412464142
0.15321913361549377
0.3017779588699341
0.21367307007312775
0.24747751653194427
0.20697326958179474
0.2002672553062439
0.167837455868721
0.15526485443115234
0.14417578279972076
0.15509198606014252

./trained_network/SD2/20x10x20+mix+exp18_5.pth -->>> 20x10x13+mix
0.3614566922187805
0.031076887622475624
0.059190526604652405
0.03669920191168785
0.009867162443697453
0.027169566601514816
0.062232788652181625
0.06455981731414795
0.017530765384435654
0.04431121051311493
0.003430423326790333