

./trained_network/SD2/30x10x5+mix+exp18_4.pth -->>> 25x10x5+mix
0.04294557124376297
0.0027928976342082024
0.04918290674686432
0.1087455004453659
0.038391608744859695
0.019194550812244415
-0.021593904122710228
-0.0885552316904068
0.02986861765384674
0.029150690883398056
0.09211188554763794

./trained_network/SD2/5x10x5+mix+exp18_4.pth -->>> 25x10x5+mix
0.24127614498138428
0.16462412476539612
0.08964782953262329
0.11265997588634491
0.0830063670873642
0.09293406456708908
0.08861751109361649
0.09742355346679688
0.04205596446990967
0.0774785578250885
0.08412016183137894

./trained_network/SD2/maml+exp18_204_512_3.pth -->>> 25x10x5+mix
4.651216983795166
0.4934724271297455
0.34912678599357605
0.14560963213443756
0.0553935207426548
0.0799747109413147
0.07853040844202042
0.06203201040625572
0.05931467190384865
0.10387707501649857
-0.006227841600775719

./trained_network/SD2/30x10x5+mix.pth -->>> 25x10x5+mix
0.2137582004070282
0.03034566156566143
-0.04375196248292923
-0.02831108309328556
-0.052833203226327896
-0.04894496127963066
-0.022859713062644005
-0.012329991906881332
-0.08477537333965302
-0.04837977886199951
-0.053022101521492004

./trained_network/SD2/5x10x5+mix.pth -->>> 25x10x5+mix
0.2495386004447937
0.10309834033250809
0.07980282604694366
0.17100141942501068
0.07283547520637512
0.03886397182941437
0.09565740823745728
0.1108752191066742
0.0445295087993145
0.11482718586921692
0.06401906907558441

./trained_network/SD2/maml+exp18-7_207_512_3.pth -->>> 25x10x5+mix
6.958776473999023
1.3496241569519043
0.8548441529273987
0.3283803462982178
0.37272700667381287
0.2554067075252533
0.11117757856845856
0.2623147964477539
0.13370350003242493
0.11976909637451172
0.14494968950748444

./trained_network/SD2/maml+exp18-7_207_512_3.pth -->>> 25x10x5+mix
6.958776473999023
1.3496241569519043
0.8548441529273987
0.3283803462982178
0.37272700667381287
0.2554067075252533
0.11117757856845856
0.2623147964477539
0.13370350003242493
0.11976909637451172
0.14494968950748444

./trained_network/SD2/maml+exp18-7_207_512_3.pth -->>> 25x10x5+mix
6.958776473999023
1.3496241569519043
0.8548441529273987
0.3283803462982178
0.37272700667381287
0.2554067075252533
0.11117757856845856
0.2623147964477539
0.13370350003242493
0.11976909637451172
0.14494968950748444

./trained_network/SD2/maml+exp18-7_207_512_3.pth -->>> 25x10x5+mix
6.958776473999023
1.3496241569519043
0.8548441529273987
0.3283803462982178
0.37272700667381287
0.2554067075252533
0.11117757856845856
0.2623147964477539
0.13370350003242493
0.11976909637451172
0.14494968950748444

./trained_network/SD2/maml+exp18-7_207_512_3.pth -->>> 25x10x5+mix
6.958776473999023
1.3496241569519043
0.8548441529273987
0.3283803462982178
0.37272700667381287
0.2554067075252533
0.11117757856845856
0.2623147964477539
0.13370350003242493
0.11976909637451172
0.14494968950748444

./trained_network/SD2/maml+exp18-7_207_512_3.pth -->>> 25x10x5+mix
6.958776473999023
1.3496241569519043
0.8548441529273987
0.3283803462982178
0.37272700667381287
0.2554067075252533
0.11117757856845856
0.2623147964477539
0.13370350003242493
0.11976909637451172
0.14494968950748444

./trained_network/SD2/maml+exp18-7_207_512_3.pth -->>> 25x10x5+mix
6.958776473999023
1.3496241569519043
0.8548441529273987
0.3283803462982178
0.37272700667381287
0.2554067075252533
0.11117757856845856
0.2623147964477539
0.13370350003242493
0.11976909637451172
0.14494968950748444

./trained_network/SD2/maml+exp18-7_207_512_3.pth -->>> 25x10x5+mix
6.958776473999023
1.3496241569519043
0.8548441529273987
0.3283803462982178
0.37272700667381287
0.2554067075252533
0.11117757856845856
0.2623147964477539
0.13370350003242493
0.11976909637451172
0.14494968950748444

./trained_network/SD2/maml+exp18-7_207_512_3.pth -->>> 25x10x5+mix
6.958776473999023
1.3496241569519043
0.8548441529273987
0.3283803462982178
0.37272700667381287
0.2554067075252533
0.11117757856845856
0.2623147964477539
0.13370350003242493
0.11976909637451172
0.14494968950748444