

./trained_network/SD2/20x5+mix+SD2_exp18_3.pth -->>> 20x13x5.0+mix
0.2659774720668793
0.18840953707695007
0.1321866512298584
0.11442243307828903
0.08717712014913559
0.07925351709127426
0.062038179486989975
0.06603684276342392
0.060413435101509094
0.03861329331994057
0.03971203789114952

./trained_network/SD2/maml+exp18_203_512_3.pth -->>> 20x13x5.0+mix
3.0080935955047607
0.5022953748703003
0.4227406084537506
0.1399744600057602
0.14436088502407074
0.08267735689878464
0.05200696736574173
0.06347928941249847
0.05425826087594032
0.05823487415909767
0.046666212379932404

./trained_network/SD2/20x5+mix+SD2_exp18_3.pth -->>> 20x13x5.0+mix
0.2659774720668793
0.18840953707695007
0.1321866512298584
0.11442243307828903
0.08717712014913559
0.07925351709127426
0.062038179486989975
0.06603684276342392
0.060413435101509094
0.03861329331994057
0.03971203789114952

./trained_network/SD2/20x20+mix+SD2_exp18_3.pth -->>> 20x13x5.0+mix
0.035168860107660294
0.040924813598394394
0.07212907820940018
0.04380498453974724
0.02671092376112938
0.024589283391833305
0.030751872807741165
0.021406633779406548
0.033006202429533005
0.04297463595867157
0.045641813427209854