
./trained_network/SD2/20x5+mix+SD2_exp18_3.pth
[412.0, 351.0, 407.0, 375.0, 325.0, 329.0, 281.0, 392.0, 358.0, 332.0, 352.0, 272.0, 354.0, 303.0, 298.0, 385.0, 300.0, 301.0, 315.0, 372.0]
[373.0, 333.0, 386.0, 297.0, 306.0, 369.0, 342.0, 375.0, 332.0, 328.0, 328.0, 313.0, 308.0, 355.0, 319.0, 383.0, 309.0, 352.0, 328.0, 358.0]
[421.0, 382.0, 338.0, 363.0, 296.0, 381.0, 355.0, 379.0, 331.0, 328.0, 281.0, 297.0, 276.0, 395.0, 304.0, 352.0, 305.0, 343.0, 299.0, 342.0]
[355.0, 349.0, 393.0, 342.0, 359.0, 328.0, 295.0, 344.0, 379.0, 327.0, 368.0, 331.0, 332.0, 337.0, 297.0, 359.0, 318.0, 331.0, 368.0, 292.0]
[341.0, 352.0, 342.0, 375.0, 340.0, 412.0, 323.0, 378.0, 309.0, 337.0, 297.0, 344.0, 314.0, 361.0, 299.0, 292.0, 306.0, 353.0, 292.0, 343.0]
[376.0, 329.0, 384.0, 330.0, 360.0, 375.0, 320.0, 319.0, 335.0, 332.0, 370.0, 324.0, 291.0, 319.0, 330.0, 331.0, 302.0, 338.0, 323.0, 326.0]
[419.0, 311.0, 399.0, 314.0, 340.0, 349.0, 322.0, 345.0, 323.0, 369.0, 360.0, 288.0, 338.0, 356.0, 337.0, 304.0, 339.0, 344.0, 337.0, 328.0]
[380.0, 279.0, 382.0, 311.0, 316.0, 352.0, 284.0, 346.0, 302.0, 312.0, 312.0, 330.0, 293.0, 366.0, 330.0, 371.0, 330.0, 371.0, 292.0, 352.0]
[392.0, 332.0, 384.0, 382.0, 335.0, 353.0, 343.0, 337.0, 332.0, 303.0, 342.0, 322.0, 318.0, 367.0, 348.0, 363.0, 301.0, 378.0, 294.0, 298.0]
[414.0, 340.0, 336.0, 323.0, 331.0, 336.0, 330.0, 343.0, 325.0, 309.0, 321.0, 298.0, 335.0, 325.0, 316.0, 305.0, 306.0, 313.0, 358.0, 318.0]
[340.0, 391.0, 311.0, 309.0, 328.0, 365.0, 324.0, 370.0, 301.0, 316.0, 319.0, 317.0, 335.0, 318.0, 323.0, 327.0, 305.0, 340.0, 315.0, 358.0]
./trained_network/SD2/maml+exp18_203_512_3.pth
[400.0, 358.0, 312.0, 301.0, 380.0, 338.0, 301.0, 338.0, 321.0, 330.0]
[347.0, 323.0, 346.0, 346.0, 330.0, 363.0, 316.0, 368.0, 350.0, 320.0]
[391.0, 335.0, 400.0, 330.0, 362.0, 379.0, 331.0, 367.0, 342.0, 297.0]
[377.0, 333.0, 297.0, 389.0, 334.0, 339.0, 340.0, 342.0, 325.0, 330.0]
[374.0, 358.0, 359.0, 349.0, 336.0, 352.0, 356.0, 340.0, 342.0, 310.0]
[377.0, 381.0, 269.0, 317.0, 326.0, 358.0, 324.0, 353.0, 386.0, 296.0]
[399.0, 322.0, 353.0, 409.0, 320.0, 390.0, 347.0, 335.0, 320.0, 328.0]
[395.0, 325.0, 384.0, 348.0, 323.0, 340.0, 318.0, 368.0, 336.0, 314.0]
[398.0, 363.0, 316.0, 319.0, 349.0, 345.0, 354.0, 349.0, 328.0, 345.0]
[360.0, 360.0, 331.0, 423.0, 393.0, 323.0, 329.0, 334.0, 306.0, 366.0]
[363.0, 373.0, 299.0, 409.0, 393.0, 360.0, 321.0, 407.0, 318.0, 358.0]
./trained_network/SD2/20x5+mix+SD2_exp18_3.pth
[412.0, 351.0, 407.0, 375.0, 325.0, 329.0, 281.0, 392.0, 358.0, 332.0, 352.0, 272.0, 354.0, 303.0, 298.0, 385.0, 300.0, 301.0, 315.0, 372.0]
[373.0, 333.0, 386.0, 297.0, 306.0, 369.0, 342.0, 375.0, 332.0, 328.0, 328.0, 313.0, 308.0, 355.0, 319.0, 383.0, 309.0, 352.0, 328.0, 358.0]
[421.0, 382.0, 338.0, 363.0, 296.0, 381.0, 355.0, 379.0, 331.0, 328.0, 281.0, 297.0, 276.0, 395.0, 304.0, 352.0, 305.0, 343.0, 299.0, 342.0]
[355.0, 349.0, 393.0, 342.0, 359.0, 328.0, 295.0, 344.0, 379.0, 327.0, 368.0, 331.0, 332.0, 337.0, 297.0, 359.0, 318.0, 331.0, 368.0, 292.0]
[341.0, 352.0, 342.0, 375.0, 340.0, 412.0, 323.0, 378.0, 309.0, 337.0, 297.0, 344.0, 314.0, 361.0, 299.0, 292.0, 306.0, 353.0, 292.0, 343.0]
[376.0, 329.0, 384.0, 330.0, 360.0, 375.0, 320.0, 319.0, 335.0, 332.0, 370.0, 324.0, 291.0, 319.0, 330.0, 331.0, 302.0, 338.0, 323.0, 326.0]
[419.0, 311.0, 399.0, 314.0, 340.0, 349.0, 322.0, 345.0, 323.0, 369.0, 360.0, 288.0, 338.0, 356.0, 337.0, 304.0, 339.0, 344.0, 337.0, 328.0]
[380.0, 279.0, 382.0, 311.0, 316.0, 352.0, 284.0, 346.0, 302.0, 312.0, 312.0, 330.0, 293.0, 366.0, 330.0, 371.0, 330.0, 371.0, 292.0, 352.0]
[392.0, 332.0, 384.0, 382.0, 335.0, 353.0, 343.0, 337.0, 332.0, 303.0, 342.0, 322.0, 318.0, 367.0, 348.0, 363.0, 301.0, 378.0, 294.0, 298.0]
[414.0, 340.0, 336.0, 323.0, 331.0, 336.0, 330.0, 343.0, 325.0, 309.0, 321.0, 298.0, 335.0, 325.0, 316.0, 305.0, 306.0, 313.0, 358.0, 318.0]
[340.0, 391.0, 311.0, 309.0, 328.0, 365.0, 324.0, 370.0, 301.0, 316.0, 319.0, 317.0, 335.0, 318.0, 323.0, 327.0, 305.0, 340.0, 315.0, 358.0]
./trained_network/SD2/20x20+mix+SD2_exp18_3.pth
[414.0, 316.0, 314.0, 370.0, 346.0, 352.0, 323.0, 342.0, 292.0, 292.0, 299.0, 273.0, 356.0, 349.0, 301.0, 339.0, 273.0, 347.0, 279.0, 357.0]
[439.0, 314.0, 341.0, 354.0, 394.0, 348.0, 282.0, 361.0, 315.0, 309.0, 344.0, 270.0, 354.0, 309.0, 305.0, 326.0, 251.0, 334.0, 307.0, 288.0]
[538.0, 362.0, 313.0, 357.0, 385.0, 359.0, 321.0, 400.0, 324.0, 288.0, 336.0, 284.0, 317.0, 304.0, 278.0, 372.0, 304.0, 357.0, 299.0, 371.0]
[390.0, 271.0, 366.0, 304.0, 364.0, 347.0, 317.0, 324.0, 312.0, 317.0, 394.0, 290.0, 286.0, 350.0, 345.0, 420.0, 289.0, 374.0, 290.0, 347.0]
[346.0, 361.0, 378.0, 291.0, 382.0, 332.0, 308.0, 376.0, 292.0, 335.0, 375.0, 314.0, 313.0, 322.0, 296.0, 324.0, 354.0, 347.0, 307.0, 310.0]
[388.0, 319.0, 347.0, 331.0, 347.0, 335.0, 320.0, 387.0, 305.0, 324.0, 347.0, 328.0, 332.0, 337.0, 304.0, 380.0, 304.0, 346.0, 283.0, 318.0]
[344.0, 324.0, 350.0, 372.0, 386.0, 361.0, 325.0, 297.0, 348.0, 335.0, 309.0, 304.0, 335.0, 333.0, 297.0, 357.0, 292.0, 296.0, 299.0, 323.0]
[387.0, 341.0, 323.0, 293.0, 382.0, 343.0, 294.0, 366.0, 294.0, 317.0, 332.0, 338.0, 311.0, 359.0, 305.0, 355.0, 290.0, 370.0, 322.0, 330.0]
[377.0, 366.0, 325.0, 322.0, 341.0, 435.0, 279.0, 336.0, 292.0, 298.0, 344.0, 321.0, 348.0, 332.0, 310.0, 346.0, 278.0, 416.0, 307.0, 290.0]
[396.0, 312.0, 284.0, 347.0, 353.0, 312.0, 288.0, 345.0, 284.0, 339.0, 315.0, 316.0, 323.0, 360.0, 335.0, 422.0, 322.0, 398.0, 287.0, 368.0]
[423.0, 337.0, 377.0, 320.0, 367.0, 381.0, 278.0, 396.0, 311.0, 317.0, 311.0, 336.0, 306.0, 373.0, 296.0, 309.0, 345.0, 400.0, 273.0, 370.0]