

./trained_network/SD2/20x5+mix+SD2_exp18_3.pth -->>> 20x15x5.0+mix
0.25111842155456543
0.20314888656139374
0.1328151822090149
0.1047186478972435
0.09165814518928528
0.07831825315952301
0.07672538608312607
0.05792178586125374
0.05404450371861458
0.04691309109330177
0.0441896989941597

./trained_network/SD2/maml+exp18_203_512_3.pth -->>> 20x15x5.0+mix
3.2538962364196777
0.5522527694702148
0.38567766547203064
0.18166503310203552
0.15088288486003876
0.08127337694168091
0.0683031678199768
0.05932515859603882
0.05433270335197449
0.05043379217386246
0.02692152000963688

./trained_network/SD2/20x5+mix+SD2_exp18_3.pth -->>> 20x15x5.0+mix
0.25111842155456543
0.20314888656139374
0.1328151822090149
0.1047186478972435
0.09165814518928528
0.07831825315952301
0.07672538608312607
0.05792178586125374
0.05404450371861458
0.04691309109330177
0.0441896989941597

./trained_network/SD2/20x20+mix+SD2_exp18_3.pth -->>> 20x15x5.0+mix
0.025572463870048523
0.028648652136325836
0.022144049406051636
0.0340544730424881
0.03516335412859917
0.03150954097509384
0.04118312895298004
0.02697545289993286
0.021660810336470604
0.02695847861468792
0.021691758185625076