
./trained_network/SD2/20x5+mix+SD2_exp18_3.pth
[291.0, 336.0, 296.0, 359.0, 405.0, 300.0, 368.0, 305.0, 380.0, 333.0, 327.0, 346.0, 292.0, 318.0, 367.0, 254.0, 292.0, 363.0, 381.0, 281.0]
[303.0, 301.0, 317.0, 320.0, 324.0, 283.0, 348.0, 321.0, 283.0, 313.0, 361.0, 393.0, 258.0, 304.0, 353.0, 320.0, 327.0, 299.0, 336.0, 289.0]
[317.0, 328.0, 284.0, 404.0, 350.0, 306.0, 320.0, 296.0, 359.0, 331.0, 317.0, 318.0, 315.0, 309.0, 354.0, 319.0, 298.0, 312.0, 377.0, 305.0]
[356.0, 342.0, 304.0, 357.0, 322.0, 272.0, 321.0, 345.0, 309.0, 330.0, 349.0, 365.0, 287.0, 349.0, 344.0, 333.0, 269.0, 316.0, 343.0, 274.0]
[300.0, 321.0, 330.0, 396.0, 306.0, 282.0, 296.0, 307.0, 326.0, 308.0, 279.0, 297.0, 313.0, 351.0, 400.0, 322.0, 292.0, 299.0, 362.0, 325.0]
[300.0, 331.0, 325.0, 330.0, 319.0, 255.0, 343.0, 290.0, 298.0, 314.0, 393.0, 290.0, 312.0, 334.0, 311.0, 317.0, 315.0, 313.0, 383.0, 332.0]
[298.0, 353.0, 321.0, 302.0, 349.0, 315.0, 348.0, 322.0, 329.0, 305.0, 347.0, 313.0, 260.0, 348.0, 317.0, 298.0, 309.0, 329.0, 309.0, 346.0]
[331.0, 339.0, 303.0, 346.0, 326.0, 275.0, 378.0, 309.0, 330.0, 322.0, 335.0, 371.0, 291.0, 323.0, 341.0, 313.0, 287.0, 334.0, 375.0, 308.0]
[317.0, 316.0, 317.0, 363.0, 342.0, 320.0, 361.0, 286.0, 302.0, 296.0, 336.0, 321.0, 290.0, 319.0, 346.0, 291.0, 297.0, 381.0, 340.0, 316.0]
[297.0, 360.0, 320.0, 367.0, 340.0, 303.0, 340.0, 314.0, 322.0, 321.0, 317.0, 285.0, 299.0, 317.0, 376.0, 306.0, 308.0, 308.0, 324.0, 314.0]
[318.0, 342.0, 299.0, 379.0, 312.0, 290.0, 359.0, 261.0, 289.0, 320.0, 323.0, 298.0, 294.0, 322.0, 330.0, 305.0, 289.0, 295.0, 312.0, 329.0]
./trained_network/SD2/maml+exp18_203_512_3.pth
[309.0, 337.0, 306.0, 304.0, 309.0, 275.0, 406.0, 282.0, 341.0, 324.0]
[296.0, 330.0, 315.0, 375.0, 342.0, 286.0, 363.0, 296.0, 374.0, 360.0]
[310.0, 331.0, 334.0, 360.0, 354.0, 261.0, 345.0, 274.0, 283.0, 342.0]
[343.0, 282.0, 316.0, 322.0, 377.0, 294.0, 320.0, 304.0, 319.0, 349.0]
[312.0, 319.0, 333.0, 360.0, 323.0, 304.0, 350.0, 321.0, 320.0, 370.0]
[326.0, 364.0, 308.0, 346.0, 304.0, 286.0, 311.0, 319.0, 326.0, 318.0]
[314.0, 270.0, 304.0, 316.0, 299.0, 269.0, 333.0, 314.0, 320.0, 293.0]
[329.0, 366.0, 297.0, 323.0, 347.0, 295.0, 340.0, 285.0, 313.0, 359.0]
[350.0, 319.0, 321.0, 384.0, 309.0, 297.0, 350.0, 305.0, 345.0, 328.0]
[327.0, 328.0, 294.0, 373.0, 350.0, 297.0, 331.0, 304.0, 327.0, 364.0]
[314.0, 312.0, 320.0, 303.0, 322.0, 274.0, 276.0, 297.0, 342.0, 334.0]
./trained_network/SD2/20x5+mix+SD2_exp18_3.pth
[291.0, 336.0, 296.0, 359.0, 405.0, 300.0, 368.0, 305.0, 380.0, 333.0, 327.0, 346.0, 292.0, 318.0, 367.0, 254.0, 292.0, 363.0, 381.0, 281.0]
[303.0, 301.0, 317.0, 320.0, 324.0, 283.0, 348.0, 321.0, 283.0, 313.0, 361.0, 393.0, 258.0, 304.0, 353.0, 320.0, 327.0, 299.0, 336.0, 289.0]
[317.0, 328.0, 284.0, 404.0, 350.0, 306.0, 320.0, 296.0, 359.0, 331.0, 317.0, 318.0, 315.0, 309.0, 354.0, 319.0, 298.0, 312.0, 377.0, 305.0]
[356.0, 342.0, 304.0, 357.0, 322.0, 272.0, 321.0, 345.0, 309.0, 330.0, 349.0, 365.0, 287.0, 349.0, 344.0, 333.0, 269.0, 316.0, 343.0, 274.0]
[300.0, 321.0, 330.0, 396.0, 306.0, 282.0, 296.0, 307.0, 326.0, 308.0, 279.0, 297.0, 313.0, 351.0, 400.0, 322.0, 292.0, 299.0, 362.0, 325.0]
[300.0, 331.0, 325.0, 330.0, 319.0, 255.0, 343.0, 290.0, 298.0, 314.0, 393.0, 290.0, 312.0, 334.0, 311.0, 317.0, 315.0, 313.0, 383.0, 332.0]
[298.0, 353.0, 321.0, 302.0, 349.0, 315.0, 348.0, 322.0, 329.0, 305.0, 347.0, 313.0, 260.0, 348.0, 317.0, 298.0, 309.0, 329.0, 309.0, 346.0]
[331.0, 339.0, 303.0, 346.0, 326.0, 275.0, 378.0, 309.0, 330.0, 322.0, 335.0, 371.0, 291.0, 323.0, 341.0, 313.0, 287.0, 334.0, 375.0, 308.0]
[317.0, 316.0, 317.0, 363.0, 342.0, 320.0, 361.0, 286.0, 302.0, 296.0, 336.0, 321.0, 290.0, 319.0, 346.0, 291.0, 297.0, 381.0, 340.0, 316.0]
[297.0, 360.0, 320.0, 367.0, 340.0, 303.0, 340.0, 314.0, 322.0, 321.0, 317.0, 285.0, 299.0, 317.0, 376.0, 306.0, 308.0, 308.0, 324.0, 314.0]
[318.0, 342.0, 299.0, 379.0, 312.0, 290.0, 359.0, 261.0, 289.0, 320.0, 323.0, 298.0, 294.0, 322.0, 330.0, 305.0, 289.0, 295.0, 312.0, 329.0]
./trained_network/SD2/20x20+mix+SD2_exp18_3.pth
[272.0, 323.0, 348.0, 346.0, 324.0, 273.0, 328.0, 293.0, 332.0, 322.0, 312.0, 295.0, 284.0, 310.0, 306.0, 297.0, 335.0, 267.0, 365.0, 315.0]
[347.0, 319.0, 334.0, 366.0, 309.0, 278.0, 310.0, 312.0, 326.0, 309.0, 333.0, 274.0, 307.0, 329.0, 310.0, 288.0, 283.0, 311.0, 340.0, 280.0]
[316.0, 288.0, 291.0, 389.0, 317.0, 275.0, 348.0, 299.0, 301.0, 342.0, 356.0, 306.0, 290.0, 294.0, 306.0, 300.0, 336.0, 322.0, 336.0, 316.0]
[326.0, 329.0, 301.0, 357.0, 366.0, 288.0, 309.0, 263.0, 335.0, 347.0, 323.0, 395.0, 294.0, 309.0, 316.0, 326.0, 357.0, 321.0, 356.0, 314.0]
[293.0, 294.0, 279.0, 297.0, 370.0, 276.0, 267.0, 304.0, 298.0, 300.0, 340.0, 310.0, 280.0, 300.0, 296.0, 281.0, 312.0, 324.0, 327.0, 307.0]
[352.0, 319.0, 329.0, 383.0, 335.0, 253.0, 346.0, 299.0, 367.0, 316.0, 360.0, 322.0, 271.0, 294.0, 320.0, 273.0, 356.0, 329.0, 382.0, 304.0]
[324.0, 369.0, 290.0, 292.0, 275.0, 265.0, 327.0, 299.0, 278.0, 325.0, 331.0, 245.0, 306.0, 302.0, 353.0, 368.0, 315.0, 329.0, 319.0, 272.0]
[280.0, 304.0, 303.0, 313.0, 325.0, 242.0, 348.0, 325.0, 298.0, 357.0, 327.0, 321.0, 297.0, 333.0, 297.0, 313.0, 288.0, 339.0, 356.0, 289.0]
[301.0, 303.0, 283.0, 298.0, 264.0, 283.0, 299.0, 292.0, 308.0, 318.0, 309.0, 331.0, 292.0, 346.0, 325.0, 311.0, 288.0, 346.0, 333.0, 281.0]
[303.0, 337.0, 278.0, 307.0, 277.0, 277.0, 353.0, 272.0, 293.0, 324.0, 357.0, 269.0, 365.0, 286.0, 297.0, 320.0, 293.0, 337.0, 307.0, 293.0]
[281.0, 350.0, 354.0, 364.0, 305.0, 289.0, 288.0, 273.0, 271.0, 297.0, 354.0, 285.0, 263.0, 307.0, 321.0, 306.0, 310.0, 287.0, 287.0, 263.0]