

./trained_network/SD2/20x5+mix+SD2_exp18_3.pth -->>> 20x5x5.0+mix
0.0493919737637043
0.09730435162782669
0.06941451132297516
0.04972204566001892
0.08076150715351105
0.06485855579376221
0.048737816512584686
0.051841989159584045
0.0659647285938263
0.06836134940385818
0.06384710967540741

./trained_network/SD2/maml+exp18_203_512_3.pth -->>> 20x5x5.0+mix
4.132761478424072
0.7225887179374695
0.8125004172325134
0.4743413031101227
0.3793390095233917
0.4025765359401703
0.25690969824790955
0.18467727303504944
0.17087233066558838
0.15490823984146118
0.12474057823419571

./trained_network/SD2/20x5+mix+SD2_exp18_3.pth -->>> 20x5x5.0+mix
0.0493919737637043
0.09730435162782669
0.06941451132297516
0.04972204566001892
0.08076150715351105
0.06485855579376221
0.048737816512584686
0.051841989159584045
0.0659647285938263
0.06836134940385818
0.06384710967540741

./trained_network/SD2/20x20+mix+SD2_exp18_3.pth -->>> 20x5x5.0+mix
2.93593430519104
2.459669351577759
2.00285267829895
1.8291782140731812
1.8896533250808716
1.9274057149887085
1.9707567691802979
1.9425429105758667
1.7705614566802979
1.70622980594635
1.4960520267486572