
./trained_network/SD2/20x5+mix+SD2_exp18_3.pth
[639.0, 643.0, 675.0, 748.0, 690.0, 643.0, 714.0, 766.0, 665.0, 736.0, 804.0, 812.0, 623.0, 678.0, 769.0, 756.0, 631.0, 655.0, 842.0, 706.0]
[595.0, 671.0, 708.0, 823.0, 753.0, 615.0, 719.0, 786.0, 696.0, 729.0, 794.0, 785.0, 646.0, 701.0, 784.0, 709.0, 640.0, 623.0, 906.0, 726.0]
[589.0, 654.0, 756.0, 745.0, 694.0, 646.0, 712.0, 834.0, 617.0, 809.0, 812.0, 767.0, 634.0, 716.0, 782.0, 760.0, 619.0, 632.0, 848.0, 705.0]
[629.0, 641.0, 720.0, 757.0, 681.0, 660.0, 753.0, 769.0, 629.0, 736.0, 795.0, 852.0, 607.0, 730.0, 750.0, 729.0, 660.0, 637.0, 823.0, 699.0]
[578.0, 614.0, 696.0, 762.0, 723.0, 627.0, 728.0, 793.0, 642.0, 738.0, 826.0, 831.0, 662.0, 687.0, 744.0, 712.0, 602.0, 710.0, 864.0, 762.0]
[615.0, 653.0, 663.0, 769.0, 724.0, 677.0, 728.0, 782.0, 674.0, 781.0, 785.0, 787.0, 664.0, 731.0, 780.0, 733.0, 615.0, 633.0, 836.0, 684.0]
[631.0, 664.0, 719.0, 753.0, 693.0, 651.0, 735.0, 801.0, 630.0, 745.0, 804.0, 808.0, 660.0, 669.0, 743.0, 760.0, 612.0, 623.0, 802.0, 762.0]
[631.0, 696.0, 712.0, 751.0, 701.0, 638.0, 736.0, 796.0, 663.0, 753.0, 849.0, 821.0, 620.0, 692.0, 761.0, 758.0, 640.0, 674.0, 797.0, 709.0]
[604.0, 718.0, 654.0, 769.0, 711.0, 644.0, 761.0, 744.0, 651.0, 768.0, 796.0, 780.0, 671.0, 688.0, 766.0, 708.0, 627.0, 688.0, 802.0, 712.0]
[613.0, 625.0, 679.0, 785.0, 694.0, 642.0, 682.0, 784.0, 696.0, 751.0, 800.0, 808.0, 638.0, 707.0, 769.0, 749.0, 668.0, 623.0, 801.0, 747.0]
[618.0, 702.0, 724.0, 777.0, 721.0, 619.0, 741.0, 800.0, 702.0, 756.0, 808.0, 796.0, 670.0, 735.0, 770.0, 741.0, 644.0, 677.0, 817.0, 697.0]
./trained_network/SD2/maml+exp18_203_512_3.pth
[597.0, 691.0, 707.0, 844.0, 776.0, 710.0, 747.0, 820.0, 714.0, 794.0]
[620.0, 656.0, 695.0, 796.0, 754.0, 655.0, 698.0, 775.0, 663.0, 759.0]
[599.0, 652.0, 755.0, 784.0, 764.0, 695.0, 733.0, 833.0, 656.0, 774.0]
[632.0, 628.0, 709.0, 795.0, 728.0, 700.0, 763.0, 794.0, 656.0, 732.0]
[607.0, 665.0, 748.0, 772.0, 735.0, 662.0, 782.0, 776.0, 645.0, 746.0]
[586.0, 638.0, 710.0, 848.0, 745.0, 650.0, 714.0, 800.0, 668.0, 807.0]
[641.0, 635.0, 722.0, 816.0, 787.0, 664.0, 803.0, 779.0, 709.0, 778.0]
[613.0, 666.0, 757.0, 801.0, 732.0, 677.0, 782.0, 784.0, 666.0, 705.0]
[581.0, 695.0, 717.0, 758.0, 761.0, 710.0, 784.0, 766.0, 702.0, 795.0]
[616.0, 636.0, 812.0, 801.0, 741.0, 705.0, 747.0, 795.0, 690.0, 746.0]
[616.0, 661.0, 757.0, 835.0, 754.0, 641.0, 730.0, 814.0, 705.0, 722.0]
./trained_network/SD2/20x5+mix+SD2_exp18_3.pth
[639.0, 643.0, 675.0, 748.0, 690.0, 643.0, 714.0, 766.0, 665.0, 736.0, 804.0, 812.0, 623.0, 678.0, 769.0, 756.0, 631.0, 655.0, 842.0, 706.0]
[595.0, 671.0, 708.0, 823.0, 753.0, 615.0, 719.0, 786.0, 696.0, 729.0, 794.0, 785.0, 646.0, 701.0, 784.0, 709.0, 640.0, 623.0, 906.0, 726.0]
[589.0, 654.0, 756.0, 745.0, 694.0, 646.0, 712.0, 834.0, 617.0, 809.0, 812.0, 767.0, 634.0, 716.0, 782.0, 760.0, 619.0, 632.0, 848.0, 705.0]
[629.0, 641.0, 720.0, 757.0, 681.0, 660.0, 753.0, 769.0, 629.0, 736.0, 795.0, 852.0, 607.0, 730.0, 750.0, 729.0, 660.0, 637.0, 823.0, 699.0]
[578.0, 614.0, 696.0, 762.0, 723.0, 627.0, 728.0, 793.0, 642.0, 738.0, 826.0, 831.0, 662.0, 687.0, 744.0, 712.0, 602.0, 710.0, 864.0, 762.0]
[615.0, 653.0, 663.0, 769.0, 724.0, 677.0, 728.0, 782.0, 674.0, 781.0, 785.0, 787.0, 664.0, 731.0, 780.0, 733.0, 615.0, 633.0, 836.0, 684.0]
[631.0, 664.0, 719.0, 753.0, 693.0, 651.0, 735.0, 801.0, 630.0, 745.0, 804.0, 808.0, 660.0, 669.0, 743.0, 760.0, 612.0, 623.0, 802.0, 762.0]
[631.0, 696.0, 712.0, 751.0, 701.0, 638.0, 736.0, 796.0, 663.0, 753.0, 849.0, 821.0, 620.0, 692.0, 761.0, 758.0, 640.0, 674.0, 797.0, 709.0]
[604.0, 718.0, 654.0, 769.0, 711.0, 644.0, 761.0, 744.0, 651.0, 768.0, 796.0, 780.0, 671.0, 688.0, 766.0, 708.0, 627.0, 688.0, 802.0, 712.0]
[613.0, 625.0, 679.0, 785.0, 694.0, 642.0, 682.0, 784.0, 696.0, 751.0, 800.0, 808.0, 638.0, 707.0, 769.0, 749.0, 668.0, 623.0, 801.0, 747.0]
[618.0, 702.0, 724.0, 777.0, 721.0, 619.0, 741.0, 800.0, 702.0, 756.0, 808.0, 796.0, 670.0, 735.0, 770.0, 741.0, 644.0, 677.0, 817.0, 697.0]
./trained_network/SD2/20x20+mix+SD2_exp18_3.pth
[671.0, 759.0, 793.0, 868.0, 867.0, 780.0, 822.0, 926.0, 767.0, 954.0, 1027.0, 1137.0, 777.0, 773.0, 976.0, 859.0, 818.0, 731.0, 853.0, 877.0]
[700.0, 680.0, 801.0, 981.0, 882.0, 778.0, 823.0, 1079.0, 870.0, 959.0, 1019.0, 1002.0, 818.0, 865.0, 913.0, 875.0, 782.0, 723.0, 934.0, 857.0]
[704.0, 676.0, 816.0, 897.0, 792.0, 785.0, 796.0, 995.0, 678.0, 849.0, 1139.0, 984.0, 857.0, 747.0, 833.0, 1000.0, 707.0, 784.0, 916.0, 962.0]
[729.0, 716.0, 794.0, 968.0, 962.0, 866.0, 836.0, 1046.0, 753.0, 913.0, 1080.0, 871.0, 732.0, 728.0, 983.0, 836.0, 776.0, 839.0, 937.0, 851.0]
[699.0, 768.0, 794.0, 1009.0, 904.0, 788.0, 855.0, 1045.0, 731.0, 1058.0, 1054.0, 962.0, 784.0, 938.0, 913.0, 929.0, 725.0, 828.0, 910.0, 950.0]
[683.0, 778.0, 803.0, 992.0, 926.0, 773.0, 891.0, 985.0, 749.0, 889.0, 1102.0, 893.0, 778.0, 761.0, 898.0, 887.0, 742.0, 901.0, 997.0, 830.0]
[668.0, 650.0, 802.0, 924.0, 846.0, 707.0, 811.0, 975.0, 713.0, 926.0, 1020.0, 1006.0, 740.0, 768.0, 897.0, 909.0, 688.0, 788.0, 919.0, 875.0]
[718.0, 778.0, 778.0, 957.0, 787.0, 775.0, 897.0, 901.0, 777.0, 897.0, 998.0, 888.0, 713.0, 775.0, 797.0, 940.0, 763.0, 835.0, 875.0, 822.0]
[632.0, 787.0, 739.0, 1067.0, 848.0, 761.0, 799.0, 867.0, 699.0, 900.0, 1068.0, 976.0, 675.0, 747.0, 948.0, 897.0, 704.0, 926.0, 905.0, 878.0]
[633.0, 670.0, 831.0, 912.0, 771.0, 735.0, 867.0, 947.0, 711.0, 919.0, 1102.0, 905.0, 759.0, 772.0, 844.0, 876.0, 683.0, 847.0, 878.0, 852.0]
[645.0, 743.0, 813.0, 851.0, 771.0, 762.0, 817.0, 925.0, 808.0, 928.0, 1068.0, 900.0, 736.0, 776.0, 910.0, 910.0, 729.0, 822.0, 926.0, 860.0]