

./trained_network/SD2/30x30x5+mix+exp18_3.pth -->>> 20x10x5+mix
0.09772449731826782
0.0955396518111229
0.06193450838327408
0.07421861588954926
0.06783153116703033
0.041624344885349274
0.03003760427236557
0.09964348375797272
0.03916728496551514
0.05764195695519447
0.03955059126019478

./trained_network/SD2/20x5x5+mix+exp18_3.pth -->>> 20x10x5+mix
0.2295248955488205
0.1206432431936264
0.06119951605796814
0.02299095317721367
0.024546079337596893
0.025898799300193787
0.021308083087205887
0.016718633472919464
0.011527935042977333
0.023626722395420074
0.026146646589040756

./trained_network/SD2/maml+exp18_203_512_3.pth -->>> 20x10x5+mix
3.173196792602539
0.5254144072532654
0.43892738223075867
0.2398606538772583
0.12091211974620819
0.09294101595878601
0.08954574167728424
0.053553078323602676
0.05242167413234711
0.04819846898317337
0.04990275204181671