

./trained_network/SD2/30x10x5+mix+exp18_4.pth -->>> 13x10x5+mix
0.15973421931266785
0.07687452435493469
0.026708120480179787
0.015498246997594833
0.024147460237145424
0.030301759019494057
0.020454302430152893
0.02558855526149273
0.016875043511390686
0.013286592438817024
0.01468520238995552

./trained_network/SD2/5x10x5+mix+exp18_4.pth -->>> 13x10x5+mix
0.04251767694950104
0.05695897340774536
0.04512941092252731
0.026099715381860733
0.06495381146669388
0.02122514322400093
0.023951059207320213
0.03314697742462158
0.04210507869720459
0.03465266898274422
0.021485351026058197

./trained_network/SD2/maml+exp18_204_512_3.pth -->>> 13x10x5+mix
2.338959217071533
0.4565774202346802
0.2764195203781128
0.29784828424453735
0.21406441926956177
0.1650015413761139
0.11646336317062378
0.08945165574550629
0.060291025787591934
0.03307756781578064
0.04083982855081558