

./trained_network/SD2/30x10x5+mix+exp18_4.pth -->>> 15x10x5+mix
0.13467104732990265
0.05417418107390404
0.016645923256874084
0.0177433043718338
0.017227161675691605
0.008740494027733803
0.013085469603538513
0.01031201146543026
0.008154787123203278
0.01828993856906891
0.03538898378610611

./trained_network/SD2/5x10x5+mix+exp18_4.pth -->>> 15x10x5+mix
0.09711594134569168
0.06848029047250748
0.04891794174909592
0.06372876465320587
0.03491866588592529
0.038373131304979324
0.0381082221865654
0.044605303555727005
0.026617562398314476
0.02448453940451145
0.032772816717624664

./trained_network/SD2/maml+exp18_204_512_3.pth -->>> 15x10x5+mix
2.4671859741210938
0.436670184135437
0.26532936096191406
0.24171504378318787
0.17853406071662903
0.12780535221099854
0.07938729971647263
0.06103016063570976
0.05560930073261261
0.04847512021660805
0.04464220628142357

./trained_network/SD2/30x10x5+mix.pth -->>> 15x10x5+mix
0.1247306764125824
0.05231847986578941
0.02400824800133705
0.019890688359737396
0.015443345531821251
0.013528854586184025
0.009255263023078442
0.011437966488301754
0.010267912410199642
0.012709997594356537
0.011441770009696484

./trained_network/SD2/5x10x5+mix.pth -->>> 15x10x5+mix
0.053733550012111664
0.03506636992096901
0.03121444210410118
0.03349932283163071
0.023373518139123917
0.017960533499717712
0.01694522239267826
0.02895170822739601
0.011505726724863052
0.027366479858756065
0.013785559684038162