

./trained_network/SD2/30x10x5+mix+exp18_4.pth -->>> 23x10x5+mix
0.21940012276172638
-0.04212208092212677
-0.0858166366815567
0.03537805378437042
-0.047167569398880005
-0.10342102497816086
-0.051035113632678986
0.006277960259467363
0.07222282886505127
0.08044568449258804
-0.07935230433940887

./trained_network/SD2/5x10x5+mix+exp18_4.pth -->>> 23x10x5+mix
-0.009766548871994019
0.07488740980625153
0.047505155205726624
0.08259711414575577
0.24708899855613708
0.03632759302854538
0.10692057013511658
0.11240445822477341
0.12306532263755798
0.15718184411525726
0.09561742097139359

./trained_network/SD2/maml+exp18_204_512_3.pth -->>> 23x10x5+mix
4.749965190887451
0.563330888748169
0.4229876399040222
0.42553943395614624
0.17931810021400452
0.13276419043540955
0.08316431939601898
0.1511942595243454
0.18161754310131073
0.22260361909866333
0.22445812821388245

./trained_network/SD2/30x10x5+mix.pth -->>> 23x10x5+mix
0.20569612085819244
0.1000252291560173
0.06289611756801605
0.069139763712883
0.07285599410533905
0.023385770618915558
0.15274633467197418
0.03279678896069527
0.10789905488491058
-0.05477636307477951
0.05089821666479111

./trained_network/SD2/5x10x5+mix.pth -->>> 23x10x5+mix
0.1019049882888794
0.06336042284965515
0.092405304312706
0.22847917675971985
0.13524574041366577
0.1524529904127121
0.11435844749212265
0.12259499728679657
0.11570040136575699
0.10979160666465759
0.10867346823215485