

./trained_network/SD2/5x10+mix+SD2_exp18_4.pth -->>> 5x10x5.0+mix
0.011616183444857597
0.015514301136136055
0.021539762616157532
0.014430195093154907
0.01650504395365715
0.014667768962681293
0.00733047304674983
0.017714228481054306
0.017429277300834656
0.020273461937904358
0.010300214402377605
0.01342855952680111
0.016154497861862183
0.022901762276887894
0.009096620604395866
0.012715054675936699
0.01292315311729908
0.014307347126305103
0.00846968125551939
0.013666770420968533
0.01128638256341219

./trained_network/SD2/20x10+mix+SD2_exp18_4.pth -->>> 5x10x5.0+mix
0.1622329205274582
0.0894000381231308
0.05821610987186432
0.04255588352680206
0.0396367684006691
0.040137503296136856
0.033617570996284485
0.02511899173259735
0.01936178281903267
0.02021317183971405
0.01840413361787796
0.01983105018734932
0.026621615514159203
0.02062867395579815
0.020360946655273438
0.01684403046965599
0.010498251765966415
0.01557411253452301
0.011305325664579868
0.018167629837989807
0.013313748873770237

./trained_network/SD2/maml+exp18_204_512_3.pth -->>> 5x10x5.0+mix
1.989072561264038
0.5516232252120972
0.3435538709163666
0.2915651798248291
0.13184437155723572
0.06763923913240433
0.03595658019185066
0.022511424496769905
0.011150756850838661
0.014856127090752125
0.0096201803535223
0.0049126045778393745
0.007565991021692753
0.005071273073554039
0.03005804866552353
0.0013380709569901228
0.00363929383456707
0.010870848782360554
0.0163242407143116
0.025852931663393974
0.008576049469411373