
./trained_network/SD2/5x10+mix+SD2_exp18_4.pth
[236.0, 144.0, 141.0, 196.0, 225.0, 160.0, 243.0, 162.0, 167.0, 145.0, 219.0, 206.0, 159.0, 192.0, 210.0, 171.0, 218.0, 333.0, 213.0, 263.0]
[228.0, 143.0, 140.0, 200.0, 230.0, 221.0, 243.0, 162.0, 162.0, 145.0, 269.0, 180.0, 181.0, 159.0, 193.0, 179.0, 217.0, 358.0, 213.0, 263.0]
[285.0, 148.0, 140.0, 200.0, 222.0, 223.0, 243.0, 179.0, 168.0, 146.0, 219.0, 206.0, 199.0, 187.0, 264.0, 171.0, 206.0, 344.0, 213.0, 202.0]
[228.0, 142.0, 141.0, 200.0, 214.0, 201.0, 243.0, 156.0, 178.0, 145.0, 270.0, 218.0, 181.0, 170.0, 236.0, 171.0, 274.0, 333.0, 219.0, 197.0]
[228.0, 143.0, 140.0, 200.0, 210.0, 160.0, 243.0, 162.0, 157.0, 121.0, 276.0, 197.0, 159.0, 159.0, 236.0, 171.0, 206.0, 333.0, 213.0, 263.0]
[286.0, 144.0, 140.0, 200.0, 208.0, 189.0, 243.0, 156.0, 170.0, 145.0, 238.0, 161.0, 186.0, 161.0, 213.0, 183.0, 215.0, 339.0, 213.0, 202.0]
[231.0, 144.0, 140.0, 200.0, 208.0, 160.0, 243.0, 179.0, 167.0, 112.0, 238.0, 180.0, 159.0, 159.0, 211.0, 171.0, 210.0, 339.0, 213.0, 202.0]
[231.0, 142.0, 140.0, 189.0, 208.0, 222.0, 243.0, 156.0, 168.0, 145.0, 267.0, 197.0, 181.0, 157.0, 237.0, 171.0, 210.0, 333.0, 213.0, 263.0]
[272.0, 144.0, 140.0, 189.0, 208.0, 189.0, 243.0, 156.0, 167.0, 145.0, 203.0, 161.0, 181.0, 161.0, 263.0, 173.0, 210.0, 333.0, 213.0, 263.0]
[314.0, 142.0, 140.0, 200.0, 225.0, 192.0, 247.0, 156.0, 185.0, 112.0, 228.0, 197.0, 181.0, 159.0, 219.0, 192.0, 268.0, 358.0, 213.0, 265.0]
[233.0, 165.0, 140.0, 200.0, 214.0, 160.0, 243.0, 156.0, 168.0, 112.0, 267.0, 161.0, 159.0, 161.0, 236.0, 171.0, 268.0, 358.0, 213.0, 240.0]
[231.0, 142.0, 140.0, 200.0, 208.0, 201.0, 243.0, 156.0, 162.0, 145.0, 201.0, 197.0, 181.0, 164.0, 236.0, 171.0, 215.0, 333.0, 213.0, 275.0]
[286.0, 142.0, 140.0, 200.0, 225.0, 186.0, 243.0, 156.0, 167.0, 145.0, 224.0, 197.0, 181.0, 157.0, 236.0, 195.0, 272.0, 333.0, 219.0, 263.0]
[228.0, 143.0, 140.0, 200.0, 208.0, 189.0, 243.0, 156.0, 168.0, 121.0, 268.0, 206.0, 181.0, 157.0, 303.0, 173.0, 206.0, 333.0, 213.0, 279.0]
[228.0, 142.0, 154.0, 200.0, 213.0, 160.0, 243.0, 156.0, 168.0, 145.0, 234.0, 197.0, 159.0, 162.0, 220.0, 171.0, 206.0, 339.0, 213.0, 263.0]
[286.0, 143.0, 140.0, 200.0, 208.0, 197.0, 247.0, 156.0, 167.0, 145.0, 230.0, 197.0, 159.0, 157.0, 193.0, 176.0, 215.0, 333.0, 213.0, 202.0]
[244.0, 165.0, 140.0, 200.0, 225.0, 167.0, 243.0, 156.0, 168.0, 144.0, 270.0, 197.0, 181.0, 157.0, 232.0, 171.0, 206.0, 344.0, 213.0, 265.0]
[285.0, 142.0, 141.0, 200.0, 208.0, 189.0, 243.0, 156.0, 185.0, 144.0, 220.0, 197.0, 159.0, 192.0, 236.0, 173.0, 225.0, 333.0, 219.0, 200.0]
[228.0, 181.0, 140.0, 200.0, 208.0, 197.0, 243.0, 156.0, 167.0, 144.0, 213.0, 197.0, 159.0, 162.0, 219.0, 219.0, 237.0, 339.0, 213.0, 197.0]
[229.0, 144.0, 140.0, 200.0, 208.0, 186.0, 243.0, 156.0, 157.0, 112.0, 198.0, 197.0, 143.0, 184.0, 213.0, 219.0, 206.0, 344.0, 213.0, 263.0]
[264.0, 143.0, 140.0, 200.0, 208.0, 160.0, 243.0, 156.0, 162.0, 145.0, 208.0, 177.0, 159.0, 159.0, 220.0, 221.0, 215.0, 339.0, 213.0, 197.0]
./trained_network/SD2/20x10+mix+SD2_exp18_4.pth
[283.0, 144.0, 174.0, 200.0, 210.0, 206.0, 243.0, 156.0, 187.0, 144.0, 230.0, 176.0, 159.0, 161.0, 210.0, 216.0, 206.0, 333.0, 164.0, 240.0]
[228.0, 149.0, 140.0, 200.0, 213.0, 160.0, 247.0, 162.0, 194.0, 146.0, 228.0, 197.0, 211.0, 161.0, 236.0, 173.0, 307.0, 333.0, 158.0, 265.0]
[286.0, 150.0, 140.0, 200.0, 292.0, 200.0, 243.0, 162.0, 167.0, 154.0, 203.0, 206.0, 159.0, 159.0, 236.0, 173.0, 307.0, 333.0, 213.0, 263.0]
[284.0, 172.0, 140.0, 201.0, 210.0, 200.0, 247.0, 169.0, 178.0, 144.0, 230.0, 177.0, 181.0, 159.0, 236.0, 232.0, 286.0, 353.0, 164.0, 214.0]
[229.0, 149.0, 140.0, 200.0, 210.0, 160.0, 247.0, 163.0, 167.0, 144.0, 251.0, 176.0, 159.0, 160.0, 236.0, 230.0, 206.0, 333.0, 213.0, 263.0]
[286.0, 153.0, 140.0, 200.0, 208.0, 189.0, 247.0, 156.0, 167.0, 121.0, 229.0, 197.0, 159.0, 161.0, 213.0, 183.0, 328.0, 333.0, 158.0, 265.0]
[262.0, 153.0, 140.0, 201.0, 210.0, 206.0, 247.0, 179.0, 178.0, 144.0, 214.0, 177.0, 159.0, 190.0, 248.0, 232.0, 316.0, 333.0, 213.0, 211.0]
[240.0, 153.0, 140.0, 200.0, 210.0, 189.0, 243.0, 162.0, 167.0, 138.0, 213.0, 197.0, 142.0, 159.0, 237.0, 232.0, 305.0, 333.0, 179.0, 263.0]
[227.0, 166.0, 147.0, 201.0, 210.0, 189.0, 243.0, 162.0, 167.0, 138.0, 230.0, 207.0, 159.0, 157.0, 210.0, 186.0, 307.0, 353.0, 213.0, 245.0]
[233.0, 155.0, 140.0, 201.0, 210.0, 206.0, 247.0, 156.0, 199.0, 144.0, 198.0, 176.0, 159.0, 159.0, 219.0, 216.0, 295.0, 333.0, 213.0, 279.0]
[286.0, 148.0, 140.0, 200.0, 208.0, 218.0, 243.0, 162.0, 170.0, 146.0, 219.0, 176.0, 147.0, 161.0, 236.0, 205.0, 277.0, 333.0, 213.0, 240.0]
[227.0, 144.0, 140.0, 201.0, 208.0, 201.0, 243.0, 156.0, 167.0, 138.0, 201.0, 197.0, 159.0, 160.0, 193.0, 173.0, 218.0, 333.0, 213.0, 254.0]
[286.0, 153.0, 140.0, 200.0, 210.0, 212.0, 243.0, 156.0, 172.0, 128.0, 275.0, 197.0, 181.0, 157.0, 236.0, 232.0, 284.0, 333.0, 213.0, 263.0]
[287.0, 148.0, 140.0, 200.0, 210.0, 189.0, 243.0, 199.0, 164.0, 152.0, 199.0, 206.0, 159.0, 150.0, 210.0, 186.0, 307.0, 333.0, 213.0, 281.0]
[286.0, 142.0, 140.0, 200.0, 213.0, 160.0, 243.0, 156.0, 167.0, 145.0, 238.0, 177.0, 159.0, 161.0, 237.0, 171.0, 206.0, 333.0, 213.0, 263.0]
[242.0, 144.0, 140.0, 200.0, 208.0, 212.0, 247.0, 156.0, 167.0, 144.0, 219.0, 197.0, 146.0, 157.0, 193.0, 216.0, 310.0, 353.0, 161.0, 197.0]
[216.0, 148.0, 140.0, 200.0, 215.0, 189.0, 243.0, 156.0, 172.0, 144.0, 247.0, 208.0, 181.0, 157.0, 211.0, 186.0, 206.0, 333.0, 164.0, 240.0]
[217.0, 144.0, 140.0, 201.0, 208.0, 195.0, 243.0, 162.0, 172.0, 121.0, 219.0, 176.0, 159.0, 161.0, 236.0, 173.0, 323.0, 353.0, 213.0, 200.0]
[233.0, 171.0, 140.0, 201.0, 208.0, 170.0, 243.0, 179.0, 194.0, 121.0, 233.0, 173.0, 159.0, 161.0, 219.0, 205.0, 316.0, 333.0, 158.0, 202.0]
[282.0, 153.0, 140.0, 201.0, 210.0, 189.0, 247.0, 162.0, 194.0, 158.0, 208.0, 177.0, 154.0, 190.0, 213.0, 216.0, 206.0, 333.0, 158.0, 240.0]
[240.0, 144.0, 154.0, 200.0, 227.0, 200.0, 243.0, 199.0, 187.0, 154.0, 229.0, 173.0, 169.0, 161.0, 219.0, 173.0, 307.0, 333.0, 213.0, 230.0]
./trained_network/SD2/maml+exp18_204_512_3.pth
[230.0, 145.0, 190.0, 196.0, 208.0, 200.0, 247.0, 156.0, 202.0, 161.0]
[231.0, 182.0, 154.0, 227.0, 217.0, 252.0, 243.0, 190.0, 162.0, 136.0]
[241.0, 190.0, 141.0, 186.0, 238.0, 197.0, 247.0, 207.0, 172.0, 112.0]
[283.0, 171.0, 190.0, 221.0, 210.0, 212.0, 313.0, 233.0, 220.0, 161.0]
[284.0, 184.0, 174.0, 208.0, 211.0, 177.0, 243.0, 159.0, 173.0, 128.0]
[286.0, 174.0, 134.0, 209.0, 209.0, 189.0, 247.0, 197.0, 167.0, 145.0]
[216.0, 153.0, 140.0, 194.0, 211.0, 216.0, 243.0, 180.0, 162.0, 144.0]
[251.0, 159.0, 140.0, 189.0, 210.0, 189.0, 243.0, 156.0, 167.0, 154.0]
[217.0, 143.0, 153.0, 189.0, 209.0, 200.0, 243.0, 162.0, 167.0, 154.0]
[225.0, 164.0, 132.0, 201.0, 208.0, 189.0, 243.0, 156.0, 199.0, 145.0]
[268.0, 167.0, 132.0, 189.0, 233.0, 189.0, 243.0, 179.0, 167.0, 112.0]
[237.0, 142.0, 132.0, 201.0, 208.0, 189.0, 243.0, 156.0, 167.0, 121.0]
[243.0, 153.0, 132.0, 189.0, 210.0, 189.0, 247.0, 207.0, 168.0, 145.0]
[252.0, 142.0, 140.0, 189.0, 210.0, 189.0, 243.0, 198.0, 167.0, 145.0]
[283.0, 142.0, 132.0, 200.0, 231.0, 261.0, 243.0, 156.0, 206.0, 145.0]
[227.0, 143.0, 132.0, 200.0, 208.0, 197.0, 247.0, 179.0, 167.0, 112.0]
[244.0, 174.0, 132.0, 200.0, 210.0, 195.0, 243.0, 170.0, 185.0, 121.0]
[217.0, 142.0, 132.0, 201.0, 208.0, 189.0, 247.0, 173.0, 210.0, 121.0]
[268.0, 209.0, 140.0, 200.0, 208.0, 189.0, 247.0, 162.0, 227.0, 145.0]
[282.0, 186.0, 132.0, 189.0, 208.0, 189.0, 243.0, 162.0, 167.0, 145.0]
[244.0, 164.0, 140.0, 205.0, 225.0, 189.0, 243.0, 156.0, 167.0, 121.0]